datetime,adj close,close,high,low,open,volume,symbol,interval
2024-09-12 13:30:00+00:00,59.65999984741211,59.65999984741211,59.65999984741211,59.47999954223633,59.47999954223633,0.0,BKH,1m
2024-09-12 13:31:00+00:00,59.665000915527344,59.665000915527344,59.84000015258789,59.665000915527344,59.84000015258789,229.0,BKH,1m
2024-09-12 13:33:00+00:00,59.77000045776367,59.77000045776367,59.77000045776367,59.77000045776367,59.77000045776367,301.0,BKH,1m
2024-09-12 13:35:00+00:00,59.744998931884766,59.744998931884766,59.744998931884766,59.744998931884766,59.744998931884766,175.0,BKH,1m
2024-09-12 13:39:00+00:00,59.75,59.75,59.75,59.630001068115234,59.650001525878906,1378.0,BKH,1m
2024-09-12 13:40:00+00:00,59.83000183105469,59.83000183105469,59.83000183105469,59.75,59.75,213.0,BKH,1m
2024-09-12 13:41:00+00:00,59.75,59.75,59.83000183105469,59.75,59.83000183105469,369.0,BKH,1m
2024-09-12 13:42:00+00:00,59.689998626708984,59.689998626708984,59.689998626708984,59.689998626708984,59.689998626708984,230.0,BKH,1m
2024-09-12 13:44:00+00:00,59.560001373291016,59.560001373291016,59.64500045776367,59.560001373291016,59.64500045776367,1675.0,BKH,1m
2024-09-12 13:46:00+00:00,59.560001373291016,59.560001373291016,59.560001373291016,59.560001373291016,59.560001373291016,449.0,BKH,1m
2024-09-12 13:48:00+00:00,59.439998626708984,59.439998626708984,59.540000915527344,59.439998626708984,59.459999084472656,2293.0,BKH,1m
2024-09-12 13:49:00+00:00,59.59000015258789,59.59000015258789,59.59000015258789,59.59000015258789,59.59000015258789,426.0,BKH,1m
2024-09-12 13:50:00+00:00,59.65999984741211,59.65999984741211,59.65999984741211,59.65999984741211,59.65999984741211,2563.0,BKH,1m
2024-09-12 13:56:00+00:00,59.630001068115234,59.630001068115234,59.630001068115234,59.630001068115234,59.630001068115234,476.0,BKH,1m
2024-09-12 14:00:00+00:00,59.459999084472656,59.459999084472656,59.54999923706055,59.439998626708984,59.54999923706055,1415.0,BKH,1m
2024-09-12 14:03:00+00:00,59.45000076293945,59.45000076293945,59.45000076293945,59.45000076293945,59.45000076293945,834.0,BKH,1m
2024-09-12 14:08:00+00:00,59.439998626708984,59.439998626708984,59.5,59.439998626708984,59.5,3050.0,BKH,1m
2024-09-12 14:09:00+00:00,59.41999816894531,59.41999816894531,59.41999816894531,59.41999816894531,59.41999816894531,174.0,BKH,1m
2024-09-12 14:10:00+00:00,59.40999984741211,59.40999984741211,59.40999984741211,59.40999984741211,59.40999984741211,233.0,BKH,1m
2024-09-12 14:11:00+00:00,59.35499954223633,59.35499954223633,59.35499954223633,59.35499954223633,59.35499954223633,871.0,BKH,1m
2024-09-12 14:17:00+00:00,59.47999954223633,59.47999954223633,59.5,59.47999954223633,59.5,909.0,BKH,1m
2024-09-12 14:20:00+00:00,59.4900016784668,59.4900016784668,59.4900016784668,59.4900016784668,59.4900016784668,233.0,BKH,1m
2024-09-12 14:22:00+00:00,59.52000045776367,59.52000045776367,59.52000045776367,59.52000045776367,59.52000045776367,712.0,BKH,1m
2024-09-12 14:23:00+00:00,59.52000045776367,59.52000045776367,59.52000045776367,59.52000045776367,59.52000045776367,607.0,BKH,1m
2024-09-12 14:25:00+00:00,59.52000045776367,59.52000045776367,59.52000045776367,59.52000045776367,59.52000045776367,1230.0,BKH,1m
2024-09-12 14:26:00+00:00,59.54999923706055,59.54999923706055,59.54999923706055,59.54999923706055,59.54999923706055,753.0,BKH,1m
2024-09-12 14:27:00+00:00,59.4900016784668,59.4900016784668,59.5099983215332,59.4900016784668,59.5099983215332,934.0,BKH,1m
2024-09-12 14:28:00+00:00,59.439998626708984,59.439998626708984,59.439998626708984,59.439998626708984,59.439998626708984,269.0,BKH,1m
2024-09-12 14:30:00+00:00,59.43000030517578,59.43000030517578,59.43000030517578,59.43000030517578,59.43000030517578,373.0,BKH,1m
2024-09-12 14:31:00+00:00,59.40999984741211,59.40999984741211,59.40999984741211,59.40999984741211,59.40999984741211,221.0,BKH,1m
2024-09-12 14:32:00+00:00,59.380001068115234,59.380001068115234,59.38999938964844,59.380001068115234,59.38999938964844,560.0,BKH,1m
2024-09-12 14:34:00+00:00,59.43000030517578,59.43000030517578,59.43000030517578,59.41999816894531,59.41999816894531,1159.0,BKH,1m
2024-09-12 14:35:00+00:00,59.41999816894531,59.41999816894531,59.439998626708984,59.41999816894531,59.439998626708984,1884.0,BKH,1m
2024-09-12 14:36:00+00:00,59.470001220703125,59.470001220703125,59.470001220703125,59.470001220703125,59.470001220703125,204.0,BKH,1m
2024-09-12 14:37:00+00:00,59.459999084472656,59.459999084472656,59.459999084472656,59.459999084472656,59.459999084472656,1229.0,BKH,1m
2024-09-12 14:42:00+00:00,59.5,59.5,59.5,59.5,59.5,317.0,BKH,1m
2024-09-12 14:43:00+00:00,59.459999084472656,59.459999084472656,59.459999084472656,59.459999084472656,59.459999084472656,118.0,BKH,1m
2024-09-12 14:44:00+00:00,59.46500015258789,59.46500015258789,59.46500015258789,59.439998626708984,59.439998626708984,996.0,BKH,1m
2024-09-12 14:45:00+00:00,59.41999816894531,59.41999816894531,59.45000076293945,59.41999816894531,59.45000076293945,2992.0,BKH,1m
2024-09-12 14:48:00+00:00,59.459999084472656,59.459999084472656,59.459999084472656,59.459999084472656,59.459999084472656,636.0,BKH,1m
2024-09-12 14:49:00+00:00,59.45000076293945,59.45000076293945,59.459999084472656,59.45000076293945,59.459999084472656,469.0,BKH,1m
2024-09-12 14:50:00+00:00,59.40999984741211,59.40999984741211,59.45000076293945,59.40999984741211,59.45000076293945,812.0,BKH,1m
2024-09-12 14:51:00+00:00,59.38999938964844,59.38999938964844,59.38999938964844,59.38999938964844,59.38999938964844,153.0,BKH,1m
2024-09-12 14:54:00+00:00,59.31999969482422,59.31999969482422,59.31999969482422,59.31999969482422,59.31999969482422,1444.0,BKH,1m
2024-09-12 14:56:00+00:00,59.310001373291016,59.310001373291016,59.310001373291016,59.310001373291016,59.310001373291016,1160.0,BKH,1m
2024-09-12 14:58:00+00:00,59.27000045776367,59.27000045776367,59.27000045776367,59.27000045776367,59.27000045776367,210.0,BKH,1m
2024-09-12 14:59:00+00:00,59.25,59.25,59.2599983215332,59.25,59.2599983215332,514.0,BKH,1m
2024-09-12 15:02:00+00:00,59.27000045776367,59.27000045776367,59.27000045776367,59.27000045776367,59.27000045776367,465.0,BKH,1m
2024-09-12 15:05:00+00:00,59.31999969482422,59.31999969482422,59.31999969482422,59.2599983215332,59.2599983215332,362.0,BKH,1m
2024-09-12 15:06:00+00:00,59.290000915527344,59.290000915527344,59.290000915527344,59.290000915527344,59.290000915527344,649.0,BKH,1m
2024-09-12 15:12:00+00:00,59.33000183105469,59.33000183105469,59.33000183105469,59.33000183105469,59.33000183105469,674.0,BKH,1m
2024-09-12 15:13:00+00:00,59.36000061035156,59.36000061035156,59.36000061035156,59.36000061035156,59.36000061035156,741.0,BKH,1m
2024-09-12 15:14:00+00:00,59.375,59.375,59.375,59.375,59.375,288.0,BKH,1m
2024-09-12 15:15:00+00:00,59.34000015258789,59.34000015258789,59.349998474121094,59.34000015258789,59.349998474121094,851.0,BKH,1m
2024-09-12 15:18:00+00:00,59.33000183105469,59.33000183105469,59.33000183105469,59.33000183105469,59.33000183105469,941.0,BKH,1m
2024-09-12 15:26:00+00:00,59.38999938964844,59.38999938964844,59.38999938964844,59.38999938964844,59.38999938964844,171.0,BKH,1m
2024-09-12 15:27:00+00:00,59.41999816894531,59.41999816894531,59.41999816894531,59.41999816894531,59.41999816894531,278.0,BKH,1m
2024-09-12 15:28:00+00:00,59.45000076293945,59.45000076293945,59.45000076293945,59.45000076293945,59.45000076293945,367.0,BKH,1m
2024-09-12 15:29:00+00:00,59.439998626708984,59.439998626708984,59.470001220703125,59.43000030517578,59.470001220703125,1184.0,BKH,1m
2024-09-12 15:31:00+00:00,59.40999984741211,59.40999984741211,59.40999984741211,59.40999984741211,59.40999984741211,836.0,BKH,1m
2024-09-12 15:40:00+00:00,59.439998626708984,59.439998626708984,59.439998626708984,59.439998626708984,59.439998626708984,769.0,BKH,1m
2024-09-12 15:43:00+00:00,59.40999984741211,59.40999984741211,59.43000030517578,59.40999984741211,59.43000030517578,889.0,BKH,1m
2024-09-12 15:45:00+00:00,59.400001525878906,59.400001525878906,59.42499923706055,59.400001525878906,59.42499923706055,751.0,BKH,1m
2024-09-12 15:46:00+00:00,59.400001525878906,59.400001525878906,59.400001525878906,59.400001525878906,59.400001525878906,438.0,BKH,1m
2024-09-12 15:50:00+00:00,59.369998931884766,59.369998931884766,59.369998931884766,59.369998931884766,59.369998931884766,350.0,BKH,1m
2024-09-12 15:52:00+00:00,59.377201080322266,59.377201080322266,59.377201080322266,59.375,59.375,370.0,BKH,1m
2024-09-12 15:54:00+00:00,59.36000061035156,59.36000061035156,59.369998931884766,59.36000061035156,59.36000061035156,1027.0,BKH,1m
2024-09-12 15:57:00+00:00,59.36000061035156,59.36000061035156,59.36000061035156,59.36000061035156,59.36000061035156,209.0,BKH,1m
2024-09-12 15:58:00+00:00,59.349998474121094,59.349998474121094,59.349998474121094,59.349998474121094,59.349998474121094,164.0,BKH,1m
2024-09-12 16:01:00+00:00,59.349998474121094,59.349998474121094,59.349998474121094,59.349998474121094,59.349998474121094,701.0,BKH,1m
2024-09-12 16:04:00+00:00,59.36000061035156,59.36000061035156,59.36000061035156,59.36000061035156,59.36000061035156,417.0,BKH,1m
2024-09-12 16:05:00+00:00,59.33000183105469,59.33000183105469,59.33000183105469,59.328399658203125,59.328399658203125,521.0,BKH,1m
2024-09-12 16:06:00+00:00,59.31999969482422,59.31999969482422,59.31999969482422,59.31999969482422,59.31999969482422,529.0,BKH,1m
2024-09-12 16:08:00+00:00,59.310001373291016,59.310001373291016,59.310001373291016,59.310001373291016,59.310001373291016,637.0,BKH,1m
2024-09-12 16:10:00+00:00,59.34000015258789,59.34000015258789,59.34000015258789,59.33000183105469,59.33000183105469,385.0,BKH,1m
2024-09-12 16:11:00+00:00,59.31999969482422,59.31999969482422,59.31999969482422,59.31999969482422,59.31999969482422,417.0,BKH,1m
2024-09-12 16:13:00+00:00,59.290000915527344,59.290000915527344,59.29999923706055,59.290000915527344,59.29999923706055,793.0,BKH,1m
2024-09-12 16:17:00+00:00,59.290000915527344,59.290000915527344,59.290000915527344,59.290000915527344,59.290000915527344,530.0,BKH,1m
2024-09-12 16:18:00+00:00,59.314998626708984,59.314998626708984,59.314998626708984,59.314998626708984,59.314998626708984,454.0,BKH,1m
2024-09-12 16:22:00+00:00,59.369998931884766,59.369998931884766,59.369998931884766,59.349998474121094,59.349998474121094,553.0,BKH,1m
2024-09-12 16:23:00+00:00,59.34000015258789,59.34000015258789,59.34000015258789,59.34000015258789,59.34000015258789,285.0,BKH,1m
2024-09-12 16:24:00+00:00,59.34000015258789,59.34000015258789,59.34000015258789,59.34000015258789,59.34000015258789,452.0,BKH,1m
2024-09-12 16:27:00+00:00,59.34000015258789,59.34000015258789,59.349998474121094,59.34000015258789,59.349998474121094,909.0,BKH,1m
2024-09-12 16:28:00+00:00,59.29999923706055,59.29999923706055,59.310001373291016,59.29999923706055,59.310001373291016,588.0,BKH,1m
2024-09-12 16:29:00+00:00,59.290000915527344,59.290000915527344,59.290000915527344,59.290000915527344,59.290000915527344,449.0,BKH,1m
2024-09-12 16:31:00+00:00,59.279998779296875,59.279998779296875,59.290000915527344,59.279998779296875,59.290000915527344,250.0,BKH,1m
2024-09-12 16:32:00+00:00,59.279998779296875,59.279998779296875,59.290000915527344,59.279998779296875,59.290000915527344,468.0,BKH,1m
2024-09-12 16:33:00+00:00,59.279998779296875,59.279998779296875,59.279998779296875,59.279998779296875,59.279998779296875,325.0,BKH,1m
2024-09-12 16:35:00+00:00,59.31999969482422,59.31999969482422,59.31999969482422,59.31999969482422,59.31999969482422,240.0,BKH,1m
2024-09-12 16:37:00+00:00,59.36989974975586,59.36989974975586,59.36989974975586,59.36989974975586,59.36989974975586,395.0,BKH,1m
2024-09-12 16:38:00+00:00,59.35499954223633,59.35499954223633,59.35499954223633,59.35499954223633,59.35499954223633,168.0,BKH,1m
2024-09-12 16:39:00+00:00,59.33000183105469,59.33000183105469,59.33000183105469,59.33000183105469,59.33000183105469,442.0,BKH,1m
2024-09-12 16:41:00+00:00,59.34000015258789,59.34000015258789,59.34000015258789,59.34000015258789,59.34000015258789,944.0,BKH,1m
2024-09-12 16:45:00+00:00,59.400001525878906,59.400001525878906,59.400001525878906,59.400001525878906,59.400001525878906,275.0,BKH,1m
2024-09-12 16:48:00+00:00,59.40999984741211,59.40999984741211,59.40999984741211,59.40999984741211,59.40999984741211,268.0,BKH,1m
2024-09-12 16:50:00+00:00,59.40999984741211,59.40999984741211,59.40999984741211,59.40999984741211,59.40999984741211,330.0,BKH,1m
2024-09-12 16:54:00+00:00,59.439998626708984,59.439998626708984,59.439998626708984,59.439998626708984,59.439998626708984,257.0,BKH,1m
2024-09-12 16:55:00+00:00,59.43000030517578,59.43000030517578,59.43000030517578,59.43000030517578,59.43000030517578,213.0,BKH,1m
2024-09-12 16:57:00+00:00,59.45000076293945,59.45000076293945,59.45000076293945,59.45000076293945,59.45000076293945,510.0,BKH,1m
2024-09-12 17:02:00+00:00,59.5,59.5,59.5,59.5,59.5,327.0,BKH,1m
2024-09-12 17:04:00+00:00,59.5099983215332,59.5099983215332,59.5099983215332,59.5,59.5,1118.0,BKH,1m
2024-09-12 17:05:00+00:00,59.5,59.5,59.5,59.48500061035156,59.48500061035156,656.0,BKH,1m
2024-09-12 17:06:00+00:00,59.459999084472656,59.459999084472656,59.459999084472656,59.459999084472656,59.459999084472656,107.0,BKH,1m
2024-09-12 17:07:00+00:00,59.459999084472656,59.459999084472656,59.459999084472656,59.459999084472656,59.459999084472656,702.0,BKH,1m
2024-09-12 17:08:00+00:00,59.470001220703125,59.470001220703125,59.470001220703125,59.470001220703125,59.470001220703125,419.0,BKH,1m
2024-09-12 17:11:00+00:00,59.439998626708984,59.439998626708984,59.45000076293945,59.439998626708984,59.45000076293945,795.0,BKH,1m
2024-09-12 17:15:00+00:00,59.4900016784668,59.4900016784668,59.4900016784668,59.459999084472656,59.459999084472656,698.0,BKH,1m
2024-09-12 17:17:00+00:00,59.470001220703125,59.470001220703125,59.470001220703125,59.470001220703125,59.470001220703125,280.0,BKH,1m
2024-09-12 17:19:00+00:00,59.459999084472656,59.459999084472656,59.459999084472656,59.459999084472656,59.459999084472656,746.0,BKH,1m
2024-09-12 17:20:00+00:00,59.470001220703125,59.470001220703125,59.470001220703125,59.470001220703125,59.470001220703125,183.0,BKH,1m
2024-09-12 17:22:00+00:00,59.439998626708984,59.439998626708984,59.439998626708984,59.439998626708984,59.439998626708984,100.0,BKH,1m
2024-09-12 17:23:00+00:00,59.439998626708984,59.439998626708984,59.45000076293945,59.439998626708984,59.45000076293945,497.0,BKH,1m
2024-09-12 17:24:00+00:00,59.47999954223633,59.47999954223633,59.47999954223633,59.47999954223633,59.47999954223633,578.0,BKH,1m
2024-09-12 17:28:00+00:00,59.47999954223633,59.47999954223633,59.47999954223633,59.47999954223633,59.47999954223633,599.0,BKH,1m
2024-09-12 17:30:00+00:00,59.52000045776367,59.52000045776367,59.540000915527344,59.52000045776367,59.52000045776367,702.0,BKH,1m
2024-09-12 17:32:00+00:00,59.53990173339844,59.53990173339844,59.53990173339844,59.53990173339844,59.53990173339844,370.0,BKH,1m
2024-09-12 17:33:00+00:00,59.5,59.5,59.5,59.5,59.5,313.0,BKH,1m
2024-09-12 17:35:00+00:00,59.474998474121094,59.474998474121094,59.5,59.474998474121094,59.5,600.0,BKH,1m
2024-09-12 17:36:00+00:00,59.470001220703125,59.470001220703125,59.470001220703125,59.470001220703125,59.470001220703125,128.0,BKH,1m
2024-09-12 17:37:00+00:00,59.5,59.5,59.5,59.495399475097656,59.495399475097656,550.0,BKH,1m
2024-09-12 17:40:00+00:00,59.529998779296875,59.529998779296875,59.529998779296875,59.529998779296875,59.529998779296875,145.0,BKH,1m
2024-09-12 17:41:00+00:00,59.5099983215332,59.5099983215332,59.5099983215332,59.5099983215332,59.5099983215332,722.0,BKH,1m
2024-09-12 17:45:00+00:00,59.5,59.5,59.5,59.5,59.5,107.0,BKH,1m
2024-09-12 17:46:00+00:00,59.52000045776367,59.52000045776367,59.52000045776367,59.5099983215332,59.5099983215332,314.0,BKH,1m
2024-09-12 17:47:00+00:00,59.5099983215332,59.5099983215332,59.5099983215332,59.5099983215332,59.5099983215332,125.0,BKH,1m
2024-09-12 17:49:00+00:00,59.5,59.5,59.5,59.5,59.5,180.0,BKH,1m
2024-09-12 17:50:00+00:00,59.500099182128906,59.500099182128906,59.500099182128906,59.500099182128906,59.500099182128906,1293.0,BKH,1m
2024-09-12 17:51:00+00:00,59.505001068115234,59.505001068115234,59.52000045776367,59.505001068115234,59.52000045776367,2713.0,BKH,1m
2024-09-12 17:54:00+00:00,59.529998779296875,59.529998779296875,59.540000915527344,59.529998779296875,59.540000915527344,274.0,BKH,1m
2024-09-12 17:55:00+00:00,59.54999923706055,59.54999923706055,59.54999923706055,59.53499984741211,59.540000915527344,1233.0,BKH,1m
2024-09-12 17:56:00+00:00,59.540000915527344,59.540000915527344,59.54999923706055,59.535099029541016,59.535099029541016,707.0,BKH,1m
2024-09-12 17:57:00+00:00,59.54999923706055,59.54999923706055,59.54999923706055,59.54999923706055,59.54999923706055,551.0,BKH,1m
2024-09-12 18:00:00+00:00,59.5099983215332,59.5099983215332,59.5099983215332,59.5099983215332,59.5099983215332,324.0,BKH,1m
2024-09-12 18:01:00+00:00,59.47999954223633,59.47999954223633,59.47999954223633,59.470001220703125,59.470001220703125,695.0,BKH,1m
2024-09-12 18:04:00+00:00,59.47999954223633,59.47999954223633,59.47999954223633,59.474998474121094,59.474998474121094,298.0,BKH,1m
2024-09-12 18:05:00+00:00,59.47999954223633,59.47999954223633,59.4900016784668,59.47999954223633,59.4900016784668,1096.0,BKH,1m
2024-09-12 18:06:00+00:00,59.5099983215332,59.5099983215332,59.5099983215332,59.5099983215332,59.5099983215332,246.0,BKH,1m
2024-09-12 18:08:00+00:00,59.51499938964844,59.51499938964844,59.51499938964844,59.51499938964844,59.51499938964844,587.0,BKH,1m
2024-09-12 18:09:00+00:00,59.5099983215332,59.5099983215332,59.5099983215332,59.5099983215332,59.5099983215332,181.0,BKH,1m
2024-09-12 18:11:00+00:00,59.4900016784668,59.4900016784668,59.4900016784668,59.4900016784668,59.4900016784668,672.0,BKH,1m
2024-09-12 18:15:00+00:00,59.4900016784668,59.4900016784668,59.4900016784668,59.4900016784668,59.4900016784668,343.0,BKH,1m
2024-09-12 18:17:00+00:00,59.4900016784668,59.4900016784668,59.4900016784668,59.4900016784668,59.4900016784668,249.0,BKH,1m
2024-09-12 18:18:00+00:00,59.40999984741211,59.40999984741211,59.47999954223633,59.40999984741211,59.47999954223633,2370.0,BKH,1m
2024-09-12 18:21:00+00:00,59.439998626708984,59.439998626708984,59.45000076293945,59.439998626708984,59.45000076293945,548.0,BKH,1m
2024-09-12 18:23:00+00:00,59.45500183105469,59.45500183105469,59.45500183105469,59.45500183105469,59.45500183105469,421.0,BKH,1m
2024-09-12 18:25:00+00:00,59.459999084472656,59.459999084472656,59.459999084472656,59.459999084472656,59.459999084472656,158.0,BKH,1m
2024-09-12 18:26:00+00:00,59.45000076293945,59.45000076293945,59.45000076293945,59.45000076293945,59.45000076293945,207.0,BKH,1m
2024-09-12 18:27:00+00:00,59.459999084472656,59.459999084472656,59.459999084472656,59.459999084472656,59.459999084472656,366.0,BKH,1m
2024-09-12 18:29:00+00:00,59.459999084472656,59.459999084472656,59.459999084472656,59.459999084472656,59.459999084472656,296.0,BKH,1m
2024-09-12 18:31:00+00:00,59.439998626708984,59.439998626708984,59.439998626708984,59.439998626708984,59.439998626708984,165.0,BKH,1m
2024-09-12 18:32:00+00:00,59.44499969482422,59.44499969482422,59.44499969482422,59.44499969482422,59.44499969482422,214.0,BKH,1m
2024-09-12 18:33:00+00:00,59.435001373291016,59.435001373291016,59.435001373291016,59.43000030517578,59.43000030517578,480.0,BKH,1m
2024-09-12 18:35:00+00:00,59.439998626708984,59.439998626708984,59.45000076293945,59.439998626708984,59.45000076293945,548.0,BKH,1m
2024-09-12 18:36:00+00:00,59.41999816894531,59.41999816894531,59.41999816894531,59.41999816894531,59.41999816894531,468.0,BKH,1m
2024-09-12 18:38:00+00:00,59.415000915527344,59.415000915527344,59.415000915527344,59.415000915527344,59.415000915527344,679.0,BKH,1m
2024-09-12 18:45:00+00:00,59.400001525878906,59.400001525878906,59.400001525878906,59.400001525878906,59.400001525878906,467.0,BKH,1m
2024-09-12 18:46:00+00:00,59.404998779296875,59.404998779296875,59.404998779296875,59.400001525878906,59.400001525878906,460.0,BKH,1m
2024-09-12 18:47:00+00:00,59.38999938964844,59.38999938964844,59.38999938964844,59.36000061035156,59.38999938964844,817.0,BKH,1m
2024-09-12 18:48:00+00:00,59.400001525878906,59.400001525878906,59.400001525878906,59.400001525878906,59.400001525878906,615.0,BKH,1m
2024-09-12 18:49:00+00:00,59.38999938964844,59.38999938964844,59.400001525878906,59.38999938964844,59.400001525878906,567.0,BKH,1m
2024-09-12 18:50:00+00:00,59.38999938964844,59.38999938964844,59.38999938964844,59.38999938964844,59.38999938964844,550.0,BKH,1m
2024-09-12 18:51:00+00:00,59.33000183105469,59.33000183105469,59.33000183105469,59.33000183105469,59.33000183105469,178.0,BKH,1m
2024-09-12 18:52:00+00:00,59.36000061035156,59.36000061035156,59.36000061035156,59.290000915527344,59.290000915527344,1641.0,BKH,1m
2024-09-12 18:55:00+00:00,59.38999938964844,59.38999938964844,59.38999938964844,59.38999938964844,59.38999938964844,359.0,BKH,1m
2024-09-12 18:56:00+00:00,59.400001525878906,59.400001525878906,59.400001525878906,59.400001525878906,59.400001525878906,611.0,BKH,1m
2024-09-12 18:57:00+00:00,59.400001525878906,59.400001525878906,59.40999984741211,59.38999938964844,59.38999938964844,1517.0,BKH,1m
2024-09-12 18:59:00+00:00,59.361000061035156,59.361000061035156,59.369998931884766,59.361000061035156,59.369998931884766,325.0,BKH,1m
2024-09-12 19:00:00+00:00,59.380001068115234,59.380001068115234,59.38999938964844,59.380001068115234,59.380001068115234,626.0,BKH,1m
2024-09-12 19:01:00+00:00,59.41999816894531,59.41999816894531,59.41999816894531,59.41999816894531,59.41999816894531,375.0,BKH,1m
2024-09-12 19:02:00+00:00,59.41999816894531,59.41999816894531,59.41999816894531,59.41999816894531,59.41999816894531,342.0,BKH,1m
2024-09-12 19:03:00+00:00,59.40999984741211,59.40999984741211,59.40999984741211,59.40999984741211,59.40999984741211,452.0,BKH,1m
2024-09-12 19:04:00+00:00,59.40810012817383,59.40810012817383,59.40810012817383,59.40810012817383,59.40810012817383,868.0,BKH,1m
2024-09-12 19:07:00+00:00,59.38999938964844,59.38999938964844,59.400001525878906,59.38999938964844,59.400001525878906,838.0,BKH,1m
2024-09-12 19:09:00+00:00,59.40999984741211,59.40999984741211,59.40999984741211,59.40999984741211,59.40999984741211,863.0,BKH,1m
2024-09-12 19:10:00+00:00,59.40999984741211,59.40999984741211,59.40999984741211,59.40999984741211,59.40999984741211,340.0,BKH,1m
2024-09-12 19:11:00+00:00,59.400001525878906,59.400001525878906,59.400001525878906,59.400001525878906,59.400001525878906,274.0,BKH,1m
2024-09-12 19:12:00+00:00,59.41999816894531,59.41999816894531,59.41999816894531,59.41999816894531,59.41999816894531,830.0,BKH,1m
2024-09-12 19:16:00+00:00,59.43000030517578,59.43000030517578,59.439998626708984,59.42499923706055,59.439998626708984,1279.0,BKH,1m
2024-09-12 19:18:00+00:00,59.40999984741211,59.40999984741211,59.40999984741211,59.40999984741211,59.40999984741211,371.0,BKH,1m
2024-09-12 19:19:00+00:00,59.404998779296875,59.404998779296875,59.404998779296875,59.404998779296875,59.404998779296875,287.0,BKH,1m
2024-09-12 19:20:00+00:00,59.400001525878906,59.400001525878906,59.400001525878906,59.400001525878906,59.400001525878906,742.0,BKH,1m
2024-09-12 19:23:00+00:00,59.40999984741211,59.40999984741211,59.40999984741211,59.40999984741211,59.40999984741211,1634.0,BKH,1m
2024-09-12 19:28:00+00:00,59.415000915527344,59.415000915527344,59.41999816894531,59.415000915527344,59.41999816894531,1284.0,BKH,1m
2024-09-12 19:30:00+00:00,59.43000030517578,59.43000030517578,59.43000030517578,59.43000030517578,59.43000030517578,321.0,BKH,1m
2024-09-12 19:31:00+00:00,59.45000076293945,59.45000076293945,59.45000076293945,59.439998626708984,59.439998626708984,961.0,BKH,1m
2024-09-12 19:33:00+00:00,59.439998626708984,59.439998626708984,59.45000076293945,59.439998626708984,59.45000076293945,782.0,BKH,1m
2024-09-12 19:34:00+00:00,59.435001373291016,59.435001373291016,59.439998626708984,59.41999816894531,59.439998626708984,1348.0,BKH,1m
2024-09-12 19:35:00+00:00,59.45000076293945,59.45000076293945,59.45000076293945,59.45000076293945,59.45000076293945,689.0,BKH,1m
2024-09-12 19:36:00+00:00,59.43000030517578,59.43000030517578,59.43000030517578,59.43000030517578,59.43000030517578,194.0,BKH,1m
2024-09-12 19:37:00+00:00,59.41999816894531,59.41999816894531,59.41999816894531,59.41999816894531,59.41999816894531,283.0,BKH,1m
2024-09-12 19:38:00+00:00,59.43000030517578,59.43000030517578,59.45000076293945,59.43000030517578,59.45000076293945,885.0,BKH,1m
2024-09-12 19:39:00+00:00,59.45000076293945,59.45000076293945,59.45000076293945,59.44300079345703,59.44300079345703,926.0,BKH,1m
2024-09-12 19:41:00+00:00,59.41999816894531,59.41999816894531,59.439998626708984,59.41999816894531,59.439998626708984,954.0,BKH,1m
2024-09-12 19:42:00+00:00,59.439998626708984,59.439998626708984,59.439998626708984,59.415000915527344,59.415000915527344,1668.0,BKH,1m
2024-09-12 19:43:00+00:00,59.40999984741211,59.40999984741211,59.439998626708984,59.40999984741211,59.439998626708984,1069.0,BKH,1m
2024-09-12 19:44:00+00:00,59.43000030517578,59.43000030517578,59.45000076293945,59.400001525878906,59.400001525878906,5047.0,BKH,1m
2024-09-12 19:45:00+00:00,59.45500183105469,59.45500183105469,59.45500183105469,59.45000076293945,59.45000076293945,1392.0,BKH,1m
2024-09-12 19:46:00+00:00,59.45000076293945,59.45000076293945,59.45000076293945,59.439998626708984,59.439998626708984,1273.0,BKH,1m
2024-09-12 19:48:00+00:00,59.43000030517578,59.43000030517578,59.45000076293945,59.43000030517578,59.45000076293945,961.0,BKH,1m
2024-09-12 19:49:00+00:00,59.439998626708984,59.439998626708984,59.439998626708984,59.41999816894531,59.41999816894531,1100.0,BKH,1m
2024-09-12 19:50:00+00:00,59.459999084472656,59.459999084472656,59.459999084472656,59.435001373291016,59.44499969482422,3825.0,BKH,1m
2024-09-12 19:51:00+00:00,59.400001525878906,59.400001525878906,59.459999084472656,59.400001525878906,59.459999084472656,3079.0,BKH,1m
2024-09-12 19:52:00+00:00,59.43000030517578,59.43000030517578,59.43000030517578,59.40999984741211,59.40999984741211,850.0,BKH,1m
2024-09-12 19:53:00+00:00,59.45000076293945,59.45000076293945,59.459999084472656,59.43000030517578,59.439998626708984,2479.0,BKH,1m
2024-09-12 19:54:00+00:00,59.459999084472656,59.459999084472656,59.459999084472656,59.439998626708984,59.439998626708984,1146.0,BKH,1m
2024-09-12 19:55:00+00:00,59.45500183105469,59.45500183105469,59.459999084472656,59.42499923706055,59.45000076293945,3685.0,BKH,1m
2024-09-12 19:58:00+00:00,59.439998626708984,59.439998626708984,59.45500183105469,59.43000030517578,59.45000076293945,12047.0,BKH,1m
2024-09-12 19:59:00+00:00,59.400001525878906,59.400001525878906,59.42499923706055,59.380001068115234,59.42499923706055,12258.0,BKH,1m
2024-09-13 13:30:00+00:00,59.7599983215332,59.7599983215332,59.79999923706055,59.7599983215332,59.79999923706055,4043.0,BKH,1m
2024-09-13 13:33:00+00:00,59.7599983215332,59.7599983215332,59.7599983215332,59.7599983215332,59.7599983215332,247.0,BKH,1m
2024-09-13 13:34:00+00:00,59.7599983215332,59.7599983215332,59.7599983215332,59.7599983215332,59.7599983215332,289.0,BKH,1m
2024-09-13 13:37:00+00:00,59.724998474121094,59.724998474121094,59.724998474121094,59.724998474121094,59.724998474121094,404.0,BKH,1m
2024-09-13 13:40:00+00:00,59.67499923706055,59.67499923706055,59.67499923706055,59.67499923706055,59.67499923706055,329.0,BKH,1m
2024-09-13 13:41:00+00:00,59.65999984741211,59.65999984741211,59.65999984741211,59.65999984741211,59.65999984741211,671.0,BKH,1m
2024-09-13 13:45:00+00:00,59.75,59.75,59.75,59.75,59.75,190.0,BKH,1m
2024-09-13 13:46:00+00:00,59.80500030517578,59.80500030517578,59.80500030517578,59.80500030517578,59.80500030517578,275.0,BKH,1m
2024-09-13 13:49:00+00:00,59.80500030517578,59.80500030517578,59.80500030517578,59.709999084472656,59.709999084472656,1060.0,BKH,1m
2024-09-13 13:53:00+00:00,59.900001525878906,59.900001525878906,59.900001525878906,59.900001525878906,59.900001525878906,670.0,BKH,1m
2024-09-13 13:56:00+00:00,59.83000183105469,59.83000183105469,59.849998474121094,59.83000183105469,59.849998474121094,801.0,BKH,1m
2024-09-13 13:58:00+00:00,59.869998931884766,59.869998931884766,59.869998931884766,59.869998931884766,59.869998931884766,378.0,BKH,1m
2024-09-13 13:59:00+00:00,59.81999969482422,59.81999969482422,59.84000015258789,59.81999969482422,59.84000015258789,283.0,BKH,1m
2024-09-13 14:00:00+00:00,59.84000015258789,59.84000015258789,59.849998474121094,59.84000015258789,59.849998474121094,277.0,BKH,1m
2024-09-13 14:02:00+00:00,59.869998931884766,59.869998931884766,59.869998931884766,59.86000061035156,59.86000061035156,419.0,BKH,1m
2024-09-13 14:03:00+00:00,59.810001373291016,59.810001373291016,59.810001373291016,59.810001373291016,59.810001373291016,232.0,BKH,1m
2024-09-13 14:04:00+00:00,59.869998931884766,59.869998931884766,59.869998931884766,59.79999923706055,59.81999969482422,1096.0,BKH,1m
2024-09-13 14:05:00+00:00,59.8650016784668,59.8650016784668,59.8650016784668,59.8650016784668,59.8650016784668,1008.0,BKH,1m
2024-09-13 14:06:00+00:00,59.79999923706055,59.79999923706055,59.83000183105469,59.79999923706055,59.83000183105469,478.0,BKH,1m
2024-09-13 14:07:00+00:00,59.845001220703125,59.845001220703125,59.845001220703125,59.845001220703125,59.845001220703125,348.0,BKH,1m
2024-09-13 14:08:00+00:00,59.849998474121094,59.849998474121094,59.849998474121094,59.849998474121094,59.849998474121094,114.0,BKH,1m
2024-09-13 14:09:00+00:00,59.810001373291016,59.810001373291016,59.810001373291016,59.810001373291016,59.810001373291016,102.0,BKH,1m
2024-09-13 14:10:00+00:00,59.94499969482422,59.94499969482422,59.94499969482422,59.900001525878906,59.91999816894531,652.0,BKH,1m
2024-09-13 14:11:00+00:00,59.97999954223633,59.97999954223633,59.9900016784668,59.95500183105469,59.95500183105469,1091.0,BKH,1m
2024-09-13 14:12:00+00:00,60.02000045776367,60.02000045776367,60.02000045776367,60.02000045776367,60.02000045776367,451.0,BKH,1m
2024-09-13 14:13:00+00:00,60.029998779296875,60.029998779296875,60.04999923706055,60.029998779296875,60.04999923706055,203.0,BKH,1m
2024-09-13 14:14:00+00:00,60.040000915527344,60.040000915527344,60.04999923706055,60.029998779296875,60.029998779296875,884.0,BKH,1m
2024-09-13 14:15:00+00:00,60.040000915527344,60.040000915527344,60.040000915527344,60.040000915527344,60.040000915527344,234.0,BKH,1m
2024-09-13 14:17:00+00:00,60.060001373291016,60.060001373291016,60.060001373291016,60.060001373291016,60.060001373291016,228.0,BKH,1m
2024-09-13 14:19:00+00:00,60.060001373291016,60.060001373291016,60.060001373291016,60.060001373291016,60.060001373291016,202.0,BKH,1m
2024-09-13 14:20:00+00:00,60.04999923706055,60.04999923706055,60.099998474121094,60.04999923706055,60.099998474121094,1193.0,BKH,1m
2024-09-13 14:23:00+00:00,60.02000045776367,60.02000045776367,60.02000045776367,60.02000045776367,60.02000045776367,169.0,BKH,1m
2024-09-13 14:24:00+00:00,60.04499816894531,60.04499816894531,60.04999923706055,60.029998779296875,60.029998779296875,729.0,BKH,1m
2024-09-13 14:26:00+00:00,60.040000915527344,60.040000915527344,60.040000915527344,60.040000915527344,60.040000915527344,360.0,BKH,1m
2024-09-13 14:27:00+00:00,60.064998626708984,60.064998626708984,60.064998626708984,60.064998626708984,60.064998626708984,359.0,BKH,1m
2024-09-13 14:29:00+00:00,60.09000015258789,60.09000015258789,60.099998474121094,60.040000915527344,60.040000915527344,2469.0,BKH,1m
2024-09-13 14:30:00+00:00,60.1150016784668,60.1150016784668,60.1150016784668,60.1150016784668,60.1150016784668,170.0,BKH,1m
2024-09-13 14:31:00+00:00,60.064998626708984,60.064998626708984,60.11399841308594,60.064998626708984,60.11399841308594,2681.0,BKH,1m
2024-09-13 14:32:00+00:00,60.08000183105469,60.08000183105469,60.09000015258789,60.064998626708984,60.064998626708984,1271.0,BKH,1m
2024-09-13 14:33:00+00:00,60.1150016784668,60.1150016784668,60.12929916381836,60.09000015258789,60.099998474121094,2766.0,BKH,1m
2024-09-13 14:34:00+00:00,60.10499954223633,60.10499954223633,60.10499954223633,60.10499954223633,60.10499954223633,278.0,BKH,1m
2024-09-13 14:35:00+00:00,60.060001373291016,60.060001373291016,60.09000015258789,60.060001373291016,60.08000183105469,1791.0,BKH,1m
2024-09-13 14:36:00+00:00,60.060001373291016,60.060001373291016,60.06999969482422,60.060001373291016,60.06999969482422,254.0,BKH,1m
2024-09-13 14:37:00+00:00,60.064998626708984,60.064998626708984,60.064998626708984,60.064998626708984,60.064998626708984,419.0,BKH,1m
2024-09-13 14:38:00+00:00,60.130001068115234,60.130001068115234,60.130001068115234,60.119998931884766,60.119998931884766,325.0,BKH,1m
2024-09-13 14:39:00+00:00,60.08000183105469,60.08000183105469,60.08000183105469,60.08000183105469,60.08000183105469,231.0,BKH,1m
2024-09-13 14:42:00+00:00,60.07500076293945,60.07500076293945,60.07500076293945,60.07500076293945,60.07500076293945,146.0,BKH,1m
2024-09-13 14:44:00+00:00,60.130001068115234,60.130001068115234,60.130001068115234,60.130001068115234,60.130001068115234,1788.0,BKH,1m
2024-09-13 14:46:00+00:00,60.09000015258789,60.09000015258789,60.11000061035156,60.09000015258789,60.11000061035156,706.0,BKH,1m
2024-09-13 14:48:00+00:00,60.125,60.125,60.125,60.125,60.125,386.0,BKH,1m
2024-09-13 14:51:00+00:00,60.09299850463867,60.09299850463867,60.09299850463867,60.09299850463867,60.09299850463867,337.0,BKH,1m
2024-09-13 14:52:00+00:00,60.125,60.125,60.14070129394531,60.09000015258789,60.09000015258789,1117.0,BKH,1m
2024-09-13 14:54:00+00:00,60.09000015258789,60.09000015258789,60.09000015258789,60.09000015258789,60.09000015258789,102.0,BKH,1m
2024-09-13 14:55:00+00:00,60.11000061035156,60.11000061035156,60.11000061035156,60.11000061035156,60.11000061035156,401.0,BKH,1m
2024-09-13 14:56:00+00:00,60.14500045776367,60.14500045776367,60.150001525878906,60.1150016784668,60.1150016784668,566.0,BKH,1m
2024-09-13 14:57:00+00:00,60.099998474121094,60.099998474121094,60.12229919433594,60.099998474121094,60.11000061035156,753.0,BKH,1m
2024-09-13 14:58:00+00:00,60.08000183105469,60.08000183105469,60.08000183105469,60.08000183105469,60.08000183105469,257.0,BKH,1m
2024-09-13 14:59:00+00:00,60.08000183105469,60.08000183105469,60.099998474121094,60.06999969482422,60.06999969482422,916.0,BKH,1m
2024-09-13 15:01:00+00:00,60.099998474121094,60.099998474121094,60.099998474121094,60.099998474121094,60.099998474121094,199.0,BKH,1m
2024-09-13 15:03:00+00:00,60.095001220703125,60.095001220703125,60.095001220703125,60.060001373291016,60.060001373291016,525.0,BKH,1m
2024-09-13 15:07:00+00:00,60.060001373291016,60.060001373291016,60.060001373291016,60.060001373291016,60.060001373291016,401.0,BKH,1m
2024-09-13 15:08:00+00:00,60.060001373291016,60.060001373291016,60.060001373291016,60.060001373291016,60.060001373291016,412.0,BKH,1m
2024-09-13 15:09:00+00:00,60.02000045776367,60.02000045776367,60.02000045776367,60.02000045776367,60.02000045776367,1084.0,BKH,1m
2024-09-13 15:11:00+00:00,60.005001068115234,60.005001068115234,60.005001068115234,60.0,60.0,637.0,BKH,1m
2024-09-13 15:12:00+00:00,60.0099983215332,60.0099983215332,60.0099983215332,60.0099983215332,60.0099983215332,259.0,BKH,1m
2024-09-13 15:14:00+00:00,59.974998474121094,59.974998474121094,59.9900016784668,59.95000076293945,59.9900016784668,513.0,BKH,1m
2024-09-13 15:15:00+00:00,59.98500061035156,59.98500061035156,59.98500061035156,59.970001220703125,59.974998474121094,767.0,BKH,1m
2024-09-13 15:18:00+00:00,59.97999954223633,59.97999954223633,59.97999954223633,59.97999954223633,59.97999954223633,135.0,BKH,1m
2024-09-13 15:19:00+00:00,59.970001220703125,59.970001220703125,59.970001220703125,59.970001220703125,59.970001220703125,155.0,BKH,1m
2024-09-13 15:20:00+00:00,60.0,60.0,60.0,59.95000076293945,59.959999084472656,1682.0,BKH,1m
2024-09-13 15:21:00+00:00,60.029998779296875,60.029998779296875,60.029998779296875,60.02000045776367,60.02000045776367,738.0,BKH,1m
2024-09-13 15:22:00+00:00,60.08000183105469,60.08000183105469,60.08000183105469,60.08000183105469,60.08000183105469,235.0,BKH,1m
2024-09-13 15:23:00+00:00,60.07500076293945,60.07500076293945,60.099998474121094,60.06999969482422,60.099998474121094,778.0,BKH,1m
2024-09-13 15:24:00+00:00,60.040000915527344,60.040000915527344,60.06999969482422,60.040000915527344,60.06999969482422,470.0,BKH,1m
2024-09-13 15:25:00+00:00,60.119998931884766,60.119998931884766,60.119998931884766,60.119998931884766,60.119998931884766,370.0,BKH,1m
2024-09-13 15:26:00+00:00,60.09000015258789,60.09000015258789,60.09000015258789,60.09000015258789,60.09000015258789,297.0,BKH,1m
2024-09-13 15:29:00+00:00,60.08000183105469,60.08000183105469,60.08000183105469,60.08000183105469,60.08000183105469,208.0,BKH,1m
2024-09-13 15:31:00+00:00,60.0806999206543,60.0806999206543,60.0806999206543,60.0806999206543,60.0806999206543,128.0,BKH,1m
2024-09-13 15:32:00+00:00,60.11000061035156,60.11000061035156,60.11000061035156,60.11000061035156,60.11000061035156,499.0,BKH,1m
2024-09-13 15:34:00+00:00,60.09000015258789,60.09000015258789,60.09000015258789,60.09000015258789,60.09000015258789,124.0,BKH,1m
2024-09-13 15:35:00+00:00,60.165000915527344,60.165000915527344,60.165000915527344,60.130001068115234,60.130001068115234,682.0,BKH,1m
2024-09-13 15:36:00+00:00,60.16999816894531,60.16999816894531,60.16999816894531,60.16999816894531,60.16999816894531,200.0,BKH,1m
2024-09-13 15:37:00+00:00,60.20000076293945,60.20000076293945,60.20000076293945,60.15999984741211,60.15999984741211,1074.0,BKH,1m
2024-09-13 15:38:00+00:00,60.220001220703125,60.220001220703125,60.220001220703125,60.220001220703125,60.220001220703125,282.0,BKH,1m
2024-09-13 15:40:00+00:00,60.209999084472656,60.209999084472656,60.220001220703125,60.209999084472656,60.220001220703125,671.0,BKH,1m
2024-09-13 15:41:00+00:00,60.2041015625,60.2041015625,60.20500183105469,60.2041015625,60.20500183105469,1520.0,BKH,1m
2024-09-13 15:44:00+00:00,60.25,60.25,60.25,60.25,60.25,601.0,BKH,1m
2024-09-13 15:47:00+00:00,60.29999923706055,60.29999923706055,60.29999923706055,60.27000045776367,60.27000045776367,501.0,BKH,1m
2024-09-13 15:48:00+00:00,60.30500030517578,60.30500030517578,60.30500030517578,60.30500030517578,60.30500030517578,477.0,BKH,1m
2024-09-13 15:52:00+00:00,60.3650016784668,60.3650016784668,60.3650016784668,60.29999923706055,60.29999923706055,634.0,BKH,1m
2024-09-13 15:54:00+00:00,60.33000183105469,60.33000183105469,60.33000183105469,60.33000183105469,60.33000183105469,518.0,BKH,1m
2024-09-13 15:56:00+00:00,60.38999938964844,60.38999938964844,60.38999938964844,60.38999938964844,60.38999938964844,1564.0,BKH,1m
2024-09-13 16:02:00+00:00,60.33000183105469,60.33000183105469,60.36000061035156,60.33000183105469,60.36000061035156,1704.0,BKH,1m
2024-09-13 16:03:00+00:00,60.314998626708984,60.314998626708984,60.314998626708984,60.314998626708984,60.314998626708984,222.0,BKH,1m
2024-09-13 16:04:00+00:00,60.314998626708984,60.314998626708984,60.314998626708984,60.29499816894531,60.310001373291016,1707.0,BKH,1m
2024-09-13 16:07:00+00:00,60.32500076293945,60.32500076293945,60.33000183105469,60.29499816894531,60.310001373291016,4468.0,BKH,1m
2024-09-13 16:08:00+00:00,60.33000183105469,60.33000183105469,60.33000183105469,60.310001373291016,60.310001373291016,678.0,BKH,1m
2024-09-13 16:09:00+00:00,60.31999969482422,60.31999969482422,60.31999969482422,60.31999969482422,60.31999969482422,236.0,BKH,1m
2024-09-13 16:10:00+00:00,60.34000015258789,60.34000015258789,60.34000015258789,60.310001373291016,60.310001373291016,610.0,BKH,1m
2024-09-13 16:14:00+00:00,60.310001373291016,60.310001373291016,60.310001373291016,60.310001373291016,60.310001373291016,433.0,BKH,1m
2024-09-13 16:17:00+00:00,60.345001220703125,60.345001220703125,60.349998474121094,60.345001220703125,60.349998474121094,420.0,BKH,1m
2024-09-13 16:18:00+00:00,60.334999084472656,60.334999084472656,60.334999084472656,60.334999084472656,60.334999084472656,421.0,BKH,1m
2024-09-13 16:21:00+00:00,60.314998626708984,60.314998626708984,60.34000015258789,60.314998626708984,60.314998626708984,770.0,BKH,1m
2024-09-13 16:24:00+00:00,60.29999923706055,60.29999923706055,60.29999923706055,60.290000915527344,60.29999923706055,851.0,BKH,1m
2024-09-13 16:26:00+00:00,60.279998779296875,60.279998779296875,60.290000915527344,60.279998779296875,60.290000915527344,819.0,BKH,1m
2024-09-13 16:27:00+00:00,60.28499984741211,60.28499984741211,60.28499984741211,60.27000045776367,60.279998779296875,1520.0,BKH,1m
2024-09-13 16:29:00+00:00,60.224998474121094,60.224998474121094,60.25,60.224998474121094,60.25,838.0,BKH,1m
2024-09-13 16:32:00+00:00,60.18000030517578,60.18000030517578,60.18000030517578,60.18000030517578,60.18000030517578,252.0,BKH,1m
2024-09-13 16:34:00+00:00,60.220001220703125,60.220001220703125,60.220001220703125,60.220001220703125,60.220001220703125,290.0,BKH,1m
2024-09-13 16:37:00+00:00,60.25,60.25,60.25,60.21500015258789,60.21500015258789,856.0,BKH,1m
2024-09-13 16:40:00+00:00,60.25,60.25,60.25,60.25,60.25,312.0,BKH,1m
2024-09-13 16:41:00+00:00,60.2599983215332,60.2599983215332,60.2599983215332,60.2599983215332,60.2599983215332,217.0,BKH,1m
2024-09-13 16:42:00+00:00,60.22999954223633,60.22999954223633,60.22999954223633,60.22999954223633,60.22999954223633,183.0,BKH,1m
2024-09-13 16:43:00+00:00,60.220001220703125,60.220001220703125,60.220001220703125,60.220001220703125,60.220001220703125,110.0,BKH,1m
2024-09-13 16:44:00+00:00,60.22999954223633,60.22999954223633,60.22999954223633,60.22999954223633,60.22999954223633,162.0,BKH,1m
2024-09-13 16:45:00+00:00,60.255001068115234,60.255001068115234,60.255001068115234,60.255001068115234,60.255001068115234,104.0,BKH,1m
2024-09-13 16:46:00+00:00,60.255001068115234,60.255001068115234,60.255001068115234,60.255001068115234,60.255001068115234,173.0,BKH,1m
2024-09-13 16:48:00+00:00,60.2599983215332,60.2599983215332,60.2599983215332,60.2599983215332,60.2599983215332,518.0,BKH,1m
2024-09-13 16:49:00+00:00,60.310001373291016,60.310001373291016,60.310001373291016,60.2599983215332,60.2599983215332,669.0,BKH,1m
2024-09-13 16:53:00+00:00,60.34000015258789,60.34000015258789,60.34000015258789,60.33000183105469,60.33000183105469,391.0,BKH,1m
2024-09-13 16:55:00+00:00,60.36800003051758,60.36800003051758,60.36800003051758,60.36800003051758,60.36800003051758,925.0,BKH,1m
2024-09-13 16:56:00+00:00,60.34000015258789,60.34000015258789,60.34000015258789,60.34000015258789,60.34000015258789,484.0,BKH,1m
2024-09-13 16:58:00+00:00,60.310001373291016,60.310001373291016,60.31999969482422,60.310001373291016,60.31999969482422,495.0,BKH,1m
2024-09-13 16:59:00+00:00,60.290000915527344,60.290000915527344,60.310001373291016,60.290000915527344,60.310001373291016,707.0,BKH,1m
2024-09-13 17:00:00+00:00,60.25,60.25,60.28990173339844,60.25,60.28990173339844,1937.0,BKH,1m
2024-09-13 17:01:00+00:00,60.244998931884766,60.244998931884766,60.244998931884766,60.244998931884766,60.244998931884766,674.0,BKH,1m
2024-09-13 17:09:00+00:00,60.25,60.25,60.25,60.25,60.25,226.0,BKH,1m
2024-09-13 17:12:00+00:00,60.279998779296875,60.279998779296875,60.279998779296875,60.279998779296875,60.279998779296875,500.0,BKH,1m
2024-09-13 17:14:00+00:00,60.290000915527344,60.290000915527344,60.29999923706055,60.290000915527344,60.290000915527344,1321.0,BKH,1m
2024-09-13 17:15:00+00:00,60.290000915527344,60.290000915527344,60.290000915527344,60.290000915527344,60.290000915527344,645.0,BKH,1m
2024-09-13 17:18:00+00:00,60.290000915527344,60.290000915527344,60.29399871826172,60.290000915527344,60.29399871826172,570.0,BKH,1m
2024-09-13 17:21:00+00:00,60.27000045776367,60.27000045776367,60.27000045776367,60.27000045776367,60.27000045776367,279.0,BKH,1m
2024-09-13 17:22:00+00:00,60.27000045776367,60.27000045776367,60.27000045776367,60.27000045776367,60.27000045776367,187.0,BKH,1m
2024-09-13 17:24:00+00:00,60.3031005859375,60.3031005859375,60.3031005859375,60.2599983215332,60.2599983215332,1215.0,BKH,1m
2024-09-13 17:25:00+00:00,60.279998779296875,60.279998779296875,60.279998779296875,60.279998779296875,60.279998779296875,431.0,BKH,1m
2024-09-13 17:26:00+00:00,60.29499816894531,60.29499816894531,60.310001373291016,60.29499816894531,60.310001373291016,526.0,BKH,1m
2024-09-13 17:27:00+00:00,60.290000915527344,60.290000915527344,60.290000915527344,60.290000915527344,60.290000915527344,855.0,BKH,1m
2024-09-13 17:31:00+00:00,60.29499816894531,60.29499816894531,60.29499816894531,60.29499816894531,60.29499816894531,160.0,BKH,1m
2024-09-13 17:32:00+00:00,60.310001373291016,60.310001373291016,60.310001373291016,60.310001373291016,60.310001373291016,382.0,BKH,1m
2024-09-13 17:33:00+00:00,60.30500030517578,60.30500030517578,60.310001373291016,60.30500030517578,60.310001373291016,340.0,BKH,1m
2024-09-13 17:35:00+00:00,60.29999923706055,60.29999923706055,60.29999923706055,60.29999923706055,60.29999923706055,1032.0,BKH,1m
2024-09-13 17:39:00+00:00,60.35499954223633,60.35499954223633,60.35499954223633,60.34000015258789,60.349998474121094,630.0,BKH,1m
2024-09-13 17:41:00+00:00,60.34000015258789,60.34000015258789,60.34000015258789,60.34000015258789,60.34000015258789,267.0,BKH,1m
2024-09-13 17:43:00+00:00,60.349998474121094,60.349998474121094,60.369998931884766,60.349998474121094,60.369998931884766,407.0,BKH,1m
2024-09-13 17:45:00+00:00,60.349998474121094,60.349998474121094,60.349998474121094,60.349998474121094,60.349998474121094,440.0,BKH,1m
2024-09-13 17:46:00+00:00,60.345001220703125,60.345001220703125,60.345001220703125,60.345001220703125,60.345001220703125,299.0,BKH,1m
2024-09-13 17:49:00+00:00,60.310001373291016,60.310001373291016,60.33000183105469,60.310001373291016,60.33000183105469,1000.0,BKH,1m
2024-09-13 17:50:00+00:00,60.29999923706055,60.29999923706055,60.29999923706055,60.29999923706055,60.29999923706055,528.0,BKH,1m
2024-09-13 17:53:00+00:00,60.290000915527344,60.290000915527344,60.290000915527344,60.290000915527344,60.290000915527344,332.0,BKH,1m
2024-09-13 17:54:00+00:00,60.2599983215332,60.2599983215332,60.2599983215332,60.2599983215332,60.2599983215332,252.0,BKH,1m
2024-09-13 17:57:00+00:00,60.27000045776367,60.27000045776367,60.27000045776367,60.27000045776367,60.27000045776367,269.0,BKH,1m
2024-09-13 17:59:00+00:00,60.2599983215332,60.2599983215332,60.27000045776367,60.2599983215332,60.27000045776367,836.0,BKH,1m
2024-09-13 18:00:00+00:00,60.19499969482422,60.19499969482422,60.25,60.189998626708984,60.25,1575.0,BKH,1m
2024-09-13 18:02:00+00:00,60.209999084472656,60.209999084472656,60.209999084472656,60.209999084472656,60.209999084472656,376.0,BKH,1m
2024-09-13 18:04:00+00:00,60.17499923706055,60.17499923706055,60.17499923706055,60.17499923706055,60.17499923706055,202.0,BKH,1m
2024-09-13 18:05:00+00:00,60.189998626708984,60.189998626708984,60.189998626708984,60.17499923706055,60.17499923706055,899.0,BKH,1m
2024-09-13 18:06:00+00:00,60.21500015258789,60.21500015258789,60.22999954223633,60.21500015258789,60.22999954223633,866.0,BKH,1m
2024-09-13 18:08:00+00:00,60.2400016784668,60.2400016784668,60.2400016784668,60.2400016784668,60.2400016784668,415.0,BKH,1m
2024-09-13 18:11:00+00:00,60.22999954223633,60.22999954223633,60.2400016784668,60.22999954223633,60.2400016784668,522.0,BKH,1m
2024-09-13 18:12:00+00:00,60.2400016784668,60.2400016784668,60.2400016784668,60.2400016784668,60.2400016784668,791.0,BKH,1m
2024-09-13 18:17:00+00:00,60.279998779296875,60.279998779296875,60.279998779296875,60.279998779296875,60.279998779296875,241.0,BKH,1m
2024-09-13 18:18:00+00:00,60.26530075073242,60.26530075073242,60.26530075073242,60.26530075073242,60.26530075073242,1222.0,BKH,1m
2024-09-13 18:19:00+00:00,60.25,60.25,60.25,60.25,60.25,945.0,BKH,1m
2024-09-13 18:23:00+00:00,60.25,60.25,60.25,60.25,60.25,278.0,BKH,1m
2024-09-13 18:25:00+00:00,60.209999084472656,60.209999084472656,60.22999954223633,60.209999084472656,60.22999954223633,964.0,BKH,1m
2024-09-13 18:26:00+00:00,60.22999954223633,60.22999954223633,60.22999954223633,60.22999954223633,60.22999954223633,350.0,BKH,1m
2024-09-13 18:27:00+00:00,60.220001220703125,60.220001220703125,60.2400016784668,60.220001220703125,60.22999954223633,681.0,BKH,1m
2024-09-13 18:29:00+00:00,60.209999084472656,60.209999084472656,60.209999084472656,60.209999084472656,60.209999084472656,297.0,BKH,1m
2024-09-13 18:30:00+00:00,60.2400016784668,60.2400016784668,60.2400016784668,60.224998474121094,60.224998474121094,417.0,BKH,1m
2024-09-13 18:31:00+00:00,60.26499938964844,60.26499938964844,60.26499938964844,60.25,60.25,1042.0,BKH,1m
2024-09-13 18:37:00+00:00,60.279998779296875,60.279998779296875,60.279998779296875,60.279998779296875,60.279998779296875,189.0,BKH,1m
2024-09-13 18:38:00+00:00,60.2599983215332,60.2599983215332,60.275001525878906,60.2599983215332,60.275001525878906,974.0,BKH,1m
2024-09-13 18:39:00+00:00,60.25,60.25,60.25,60.25,60.25,451.0,BKH,1m
2024-09-13 18:41:00+00:00,60.27939987182617,60.27939987182617,60.27939987182617,60.27429962158203,60.27429962158203,461.0,BKH,1m
2024-09-13 18:42:00+00:00,60.279998779296875,60.279998779296875,60.279998779296875,60.279998779296875,60.279998779296875,777.0,BKH,1m
2024-09-13 18:43:00+00:00,60.279998779296875,60.279998779296875,60.279998779296875,60.279998779296875,60.279998779296875,575.0,BKH,1m
2024-09-13 18:44:00+00:00,60.29999923706055,60.29999923706055,60.29999923706055,60.279998779296875,60.279998779296875,352.0,BKH,1m
2024-09-13 18:45:00+00:00,60.31999969482422,60.31999969482422,60.31999969482422,60.31999969482422,60.31999969482422,346.0,BKH,1m
2024-09-13 18:46:00+00:00,60.33000183105469,60.33000183105469,60.33000183105469,60.33000183105469,60.33000183105469,819.0,BKH,1m
2024-09-13 18:47:00+00:00,60.33000183105469,60.33000183105469,60.34000015258789,60.33000183105469,60.34000015258789,1371.0,BKH,1m
2024-09-13 18:48:00+00:00,60.310001373291016,60.310001373291016,60.314998626708984,60.310001373291016,60.310001373291016,1095.0,BKH,1m
2024-09-13 18:49:00+00:00,60.29999923706055,60.29999923706055,60.29999923706055,60.29999923706055,60.29999923706055,343.0,BKH,1m
2024-09-13 18:50:00+00:00,60.29999923706055,60.29999923706055,60.310001373291016,60.29999923706055,60.310001373291016,1164.0,BKH,1m
2024-09-13 18:52:00+00:00,60.30500030517578,60.30500030517578,60.30500030517578,60.30500030517578,60.30500030517578,158.0,BKH,1m
2024-09-13 18:53:00+00:00,60.30500030517578,60.30500030517578,60.30500030517578,60.30500030517578,60.30500030517578,411.0,BKH,1m
2024-09-13 18:54:00+00:00,60.29999923706055,60.29999923706055,60.29999923706055,60.29999923706055,60.29999923706055,598.0,BKH,1m
2024-09-13 18:56:00+00:00,60.310001373291016,60.310001373291016,60.310001373291016,60.2942008972168,60.29999923706055,1058.0,BKH,1m
2024-09-13 18:57:00+00:00,60.310001373291016,60.310001373291016,60.31999969482422,60.30500030517578,60.30500030517578,5485.0,BKH,1m
2024-09-13 19:00:00+00:00,60.279998779296875,60.279998779296875,60.29999923706055,60.279998779296875,60.290000915527344,1050.0,BKH,1m
2024-09-13 19:02:00+00:00,60.29499816894531,60.29499816894531,60.29499816894531,60.29499816894531,60.29499816894531,630.0,BKH,1m
2024-09-13 19:04:00+00:00,60.29499816894531,60.29499816894531,60.310001373291016,60.279998779296875,60.279998779296875,856.0,BKH,1m
2024-09-13 19:05:00+00:00,60.29499816894531,60.29499816894531,60.310001373291016,60.29499816894531,60.310001373291016,2312.0,BKH,1m
2024-09-13 19:06:00+00:00,60.310001373291016,60.310001373291016,60.33000183105469,60.310001373291016,60.33000183105469,1819.0,BKH,1m
2024-09-13 19:07:00+00:00,60.279998779296875,60.279998779296875,60.279998779296875,60.279998779296875,60.279998779296875,306.0,BKH,1m
2024-09-13 19:08:00+00:00,60.29999923706055,60.29999923706055,60.29999923706055,60.29999923706055,60.29999923706055,1194.0,BKH,1m
2024-09-13 19:09:00+00:00,60.2599983215332,60.2599983215332,60.279998779296875,60.2599983215332,60.279998779296875,642.0,BKH,1m
2024-09-13 19:10:00+00:00,60.2400016784668,60.2400016784668,60.2400016784668,60.2400016784668,60.2400016784668,228.0,BKH,1m
2024-09-13 19:11:00+00:00,60.2400016784668,60.2400016784668,60.2400016784668,60.2400016784668,60.2400016784668,438.0,BKH,1m
2024-09-13 19:12:00+00:00,60.2484016418457,60.2484016418457,60.2484016418457,60.2484016418457,60.2484016418457,423.0,BKH,1m
2024-09-13 19:13:00+00:00,60.25,60.25,60.25,60.2400016784668,60.2400016784668,926.0,BKH,1m
2024-09-13 19:14:00+00:00,60.209999084472656,60.209999084472656,60.22999954223633,60.20000076293945,60.21500015258789,1795.0,BKH,1m
2024-09-13 19:17:00+00:00,60.22999954223633,60.22999954223633,60.22999954223633,60.21500015258789,60.21500015258789,825.0,BKH,1m
2024-09-13 19:18:00+00:00,60.224998474121094,60.224998474121094,60.224998474121094,60.224998474121094,60.224998474121094,553.0,BKH,1m
2024-09-13 19:21:00+00:00,60.224998474121094,60.224998474121094,60.224998474121094,60.224998474121094,60.224998474121094,173.0,BKH,1m
2024-09-13 19:22:00+00:00,60.2599983215332,60.2599983215332,60.2599983215332,60.244998931884766,60.244998931884766,1072.0,BKH,1m
2024-09-13 19:23:00+00:00,60.33000183105469,60.33000183105469,60.33000183105469,60.26499938964844,60.26499938964844,3292.0,BKH,1m
2024-09-13 19:24:00+00:00,60.275001525878906,60.275001525878906,60.349998474121094,60.275001525878906,60.349998474121094,3620.0,BKH,1m
2024-09-13 19:26:00+00:00,60.29999923706055,60.29999923706055,60.29999923706055,60.29999923706055,60.29999923706055,492.0,BKH,1m
2024-09-13 19:28:00+00:00,60.29999923706055,60.29999923706055,60.29999923706055,60.29999923706055,60.29999923706055,721.0,BKH,1m
2024-09-13 19:29:00+00:00,60.29999923706055,60.29999923706055,60.29999923706055,60.29999923706055,60.29999923706055,350.0,BKH,1m
2024-09-13 19:30:00+00:00,60.290000915527344,60.290000915527344,60.30500030517578,60.290000915527344,60.29999923706055,661.0,BKH,1m
2024-09-13 19:31:00+00:00,60.279998779296875,60.279998779296875,60.29999923706055,60.279998779296875,60.290000915527344,2208.0,BKH,1m
2024-09-13 19:32:00+00:00,60.279998779296875,60.279998779296875,60.279998779296875,60.279998779296875,60.279998779296875,328.0,BKH,1m
2024-09-13 19:33:00+00:00,60.244998931884766,60.244998931884766,60.275001525878906,60.244998931884766,60.27000045776367,2135.0,BKH,1m
2024-09-13 19:34:00+00:00,60.2599983215332,60.2599983215332,60.2599983215332,60.25,60.25,1209.0,BKH,1m
2024-09-13 19:38:00+00:00,60.25,60.25,60.25,60.220001220703125,60.220001220703125,674.0,BKH,1m
2024-09-13 19:39:00+00:00,60.29999923706055,60.29999923706055,60.29999923706055,60.25,60.25,2205.0,BKH,1m
2024-09-13 19:40:00+00:00,60.31999969482422,60.31999969482422,60.31999969482422,60.31999969482422,60.31999969482422,254.0,BKH,1m
2024-09-13 19:41:00+00:00,60.29999923706055,60.29999923706055,60.310001373291016,60.29999923706055,60.310001373291016,851.0,BKH,1m
2024-09-13 19:43:00+00:00,60.290000915527344,60.290000915527344,60.290000915527344,60.290000915527344,60.290000915527344,1292.0,BKH,1m
2024-09-13 19:44:00+00:00,60.29999923706055,60.29999923706055,60.29999923706055,60.29999923706055,60.29999923706055,768.0,BKH,1m
2024-09-13 19:45:00+00:00,60.33000183105469,60.33000183105469,60.33000183105469,60.30500030517578,60.30500030517578,586.0,BKH,1m
2024-09-13 19:46:00+00:00,60.349998474121094,60.349998474121094,60.349998474121094,60.349998474121094,60.349998474121094,1141.0,BKH,1m
2024-09-13 19:47:00+00:00,60.345001220703125,60.345001220703125,60.349998474121094,60.34000015258789,60.349998474121094,1934.0,BKH,1m
2024-09-13 19:48:00+00:00,60.3849983215332,60.3849983215332,60.38999938964844,60.345001220703125,60.345001220703125,1787.0,BKH,1m
2024-09-13 19:49:00+00:00,60.380001068115234,60.380001068115234,60.380001068115234,60.380001068115234,60.380001068115234,729.0,BKH,1m
2024-09-13 19:50:00+00:00,60.38999938964844,60.38999938964844,60.38999938964844,60.380001068115234,60.38999938964844,2191.0,BKH,1m
2024-09-13 19:51:00+00:00,60.380001068115234,60.380001068115234,60.404998779296875,60.380001068115234,60.400001525878906,4695.0,BKH,1m
2024-09-13 19:52:00+00:00,60.3849983215332,60.3849983215332,60.400001525878906,60.3849983215332,60.38999938964844,1522.0,BKH,1m
2024-09-13 19:53:00+00:00,60.43000030517578,60.43000030517578,60.43000030517578,60.40999984741211,60.40999984741211,1065.0,BKH,1m
2024-09-13 19:54:00+00:00,60.439998626708984,60.439998626708984,60.439998626708984,60.41999816894531,60.43000030517578,1947.0,BKH,1m
2024-09-13 19:55:00+00:00,60.45000076293945,60.45000076293945,60.470001220703125,60.439998626708984,60.439998626708984,2667.0,BKH,1m
2024-09-13 19:56:00+00:00,60.470001220703125,60.470001220703125,60.4900016784668,60.470001220703125,60.470001220703125,2865.0,BKH,1m
2024-09-13 19:57:00+00:00,60.4900016784668,60.4900016784668,60.4900016784668,60.470001220703125,60.470001220703125,2428.0,BKH,1m
2024-09-13 19:58:00+00:00,60.47999954223633,60.47999954223633,60.4900016784668,60.470001220703125,60.4900016784668,4608.0,BKH,1m
2024-09-13 19:59:00+00:00,60.540000915527344,60.540000915527344,60.560001373291016,60.470001220703125,60.470001220703125,11459.0,BKH,1m
2024-09-16 13:30:00+00:00,61.0,61.0,61.0,60.900001525878906,60.900001525878906,8109.0,BKH,1m
2024-09-16 13:31:00+00:00,61.099998474121094,61.099998474121094,61.099998474121094,61.099998474121094,61.099998474121094,1272.0,BKH,1m
2024-09-16 13:37:00+00:00,60.994998931884766,60.994998931884766,60.994998931884766,60.994998931884766,60.994998931884766,650.0,BKH,1m
2024-09-16 13:43:00+00:00,60.724998474121094,60.724998474121094,60.72999954223633,60.720001220703125,60.720001220703125,1399.0,BKH,1m
2024-09-16 13:45:00+00:00,60.779998779296875,60.779998779296875,60.779998779296875,60.779998779296875,60.779998779296875,859.0,BKH,1m
2024-09-16 13:46:00+00:00,60.7400016784668,60.7400016784668,60.77000045776367,60.650001525878906,60.650001525878906,1016.0,BKH,1m
2024-09-16 13:50:00+00:00,60.71500015258789,60.71500015258789,60.71500015258789,60.71500015258789,60.71500015258789,2377.0,BKH,1m
2024-09-16 13:51:00+00:00,60.720001220703125,60.720001220703125,60.720001220703125,60.71500015258789,60.71500015258789,671.0,BKH,1m
2024-09-16 13:53:00+00:00,60.959999084472656,60.959999084472656,60.959999084472656,60.95000076293945,60.95000076293945,650.0,BKH,1m
2024-09-16 13:54:00+00:00,60.95000076293945,60.95000076293945,60.959999084472656,60.95000076293945,60.959999084472656,428.0,BKH,1m
2024-09-16 13:57:00+00:00,60.880001068115234,60.880001068115234,60.880001068115234,60.880001068115234,60.880001068115234,411.0,BKH,1m
2024-09-16 14:00:00+00:00,60.900001525878906,60.900001525878906,60.913299560546875,60.869998931884766,60.913299560546875,771.0,BKH,1m
2024-09-16 14:01:00+00:00,60.845001220703125,60.845001220703125,60.845001220703125,60.845001220703125,60.845001220703125,314.0,BKH,1m
2024-09-16 14:02:00+00:00,60.845001220703125,60.845001220703125,60.845001220703125,60.845001220703125,60.845001220703125,157.0,BKH,1m
2024-09-16 14:03:00+00:00,60.86000061035156,60.86000061035156,60.86000061035156,60.86000061035156,60.86000061035156,106.0,BKH,1m
2024-09-16 14:04:00+00:00,60.849998474121094,60.849998474121094,61.028099060058594,60.849998474121094,61.028099060058594,1305.0,BKH,1m
2024-09-16 14:05:00+00:00,60.83000183105469,60.83000183105469,60.84000015258789,60.83000183105469,60.84000015258789,511.0,BKH,1m
2024-09-16 14:06:00+00:00,60.904998779296875,60.904998779296875,60.904998779296875,60.869998931884766,60.869998931884766,828.0,BKH,1m
2024-09-16 14:09:00+00:00,60.99980163574219,60.99980163574219,60.99980163574219,60.99980163574219,60.99980163574219,383.0,BKH,1m
2024-09-16 14:13:00+00:00,60.880001068115234,60.880001068115234,60.880001068115234,60.880001068115234,60.880001068115234,237.0,BKH,1m
2024-09-16 14:17:00+00:00,60.8849983215332,60.8849983215332,60.8849983215332,60.8849983215332,60.8849983215332,430.0,BKH,1m
2024-09-16 14:18:00+00:00,60.8849983215332,60.8849983215332,60.8849983215332,60.8849983215332,60.8849983215332,123.0,BKH,1m
2024-09-16 14:19:00+00:00,60.8849983215332,60.8849983215332,60.8849983215332,60.849998474121094,60.849998474121094,465.0,BKH,1m
2024-09-16 14:20:00+00:00,60.93000030517578,60.93000030517578,60.93000030517578,60.8849983215332,60.8849983215332,623.0,BKH,1m
2024-09-16 14:24:00+00:00,60.88999938964844,60.88999938964844,60.91999816894531,60.88999938964844,60.91999816894531,532.0,BKH,1m
2024-09-16 14:25:00+00:00,60.900001525878906,60.900001525878906,60.900001525878906,60.880001068115234,60.880001068115234,634.0,BKH,1m
2024-09-16 14:28:00+00:00,60.85499954223633,60.85499954223633,60.85499954223633,60.85499954223633,60.85499954223633,378.0,BKH,1m
2024-09-16 14:30:00+00:00,60.849998474121094,60.849998474121094,60.849998474121094,60.849998474121094,60.849998474121094,914.0,BKH,1m
2024-09-16 14:32:00+00:00,60.83000183105469,60.83000183105469,60.83000183105469,60.810001373291016,60.810001373291016,327.0,BKH,1m
2024-09-16 14:33:00+00:00,60.845001220703125,60.845001220703125,60.845001220703125,60.845001220703125,60.845001220703125,321.0,BKH,1m
2024-09-16 14:34:00+00:00,60.84000015258789,60.84000015258789,60.84000015258789,60.84000015258789,60.84000015258789,285.0,BKH,1m
2024-09-16 14:35:00+00:00,60.90999984741211,60.90999984741211,60.90999984741211,60.869998931884766,60.869998931884766,699.0,BKH,1m
2024-09-16 14:40:00+00:00,60.90999984741211,60.90999984741211,60.90999984741211,60.90999984741211,60.90999984741211,1394.0,BKH,1m
2024-09-16 14:45:00+00:00,60.869998931884766,60.869998931884766,60.869998931884766,60.869998931884766,60.869998931884766,186.0,BKH,1m
2024-09-16 14:46:00+00:00,60.849998474121094,60.849998474121094,60.875,60.849998474121094,60.875,509.0,BKH,1m
2024-09-16 14:47:00+00:00,60.83000183105469,60.83000183105469,60.83000183105469,60.83000183105469,60.83000183105469,235.0,BKH,1m
2024-09-16 14:48:00+00:00,60.880001068115234,60.880001068115234,60.880001068115234,60.880001068115234,60.880001068115234,402.0,BKH,1m
2024-09-16 14:49:00+00:00,60.86000061035156,60.86000061035156,60.86000061035156,60.849998474121094,60.849998474121094,309.0,BKH,1m
2024-09-16 14:50:00+00:00,60.880001068115234,60.880001068115234,60.880001068115234,60.880001068115234,60.880001068115234,265.0,BKH,1m
2024-09-16 14:51:00+00:00,60.849998474121094,60.849998474121094,60.849998474121094,60.83000183105469,60.83000183105469,479.0,BKH,1m
2024-09-16 14:52:00+00:00,60.81999969482422,60.81999969482422,60.81999969482422,60.81999969482422,60.81999969482422,291.0,BKH,1m
2024-09-16 14:53:00+00:00,60.810001373291016,60.810001373291016,60.810001373291016,60.80500030517578,60.80500030517578,325.0,BKH,1m
2024-09-16 14:54:00+00:00,60.810001373291016,60.810001373291016,60.810001373291016,60.810001373291016,60.810001373291016,1143.0,BKH,1m
2024-09-16 14:56:00+00:00,60.839900970458984,60.839900970458984,60.839900970458984,60.839900970458984,60.839900970458984,185.0,BKH,1m
2024-09-16 14:57:00+00:00,60.810001373291016,60.810001373291016,60.810001373291016,60.810001373291016,60.810001373291016,506.0,BKH,1m
2024-09-16 14:59:00+00:00,60.79499816894531,60.79499816894531,60.79499816894531,60.790000915527344,60.790000915527344,569.0,BKH,1m
2024-09-16 15:01:00+00:00,60.7599983215332,60.7599983215332,60.7599983215332,60.7599983215332,60.7599983215332,206.0,BKH,1m
2024-09-16 15:02:00+00:00,60.7599983215332,60.7599983215332,60.7599983215332,60.7599983215332,60.7599983215332,119.0,BKH,1m
2024-09-16 15:03:00+00:00,60.744998931884766,60.744998931884766,60.744998931884766,60.744998931884766,60.744998931884766,625.0,BKH,1m
2024-09-16 15:04:00+00:00,60.73500061035156,60.73500061035156,60.744998931884766,60.73500061035156,60.744998931884766,649.0,BKH,1m
2024-09-16 15:05:00+00:00,60.709999084472656,60.709999084472656,60.709999084472656,60.709999084472656,60.709999084472656,368.0,BKH,1m
2024-09-16 15:07:00+00:00,60.790000915527344,60.790000915527344,60.790000915527344,60.779998779296875,60.779998779296875,626.0,BKH,1m
2024-09-16 15:08:00+00:00,60.814998626708984,60.814998626708984,60.814998626708984,60.814998626708984,60.814998626708984,150.0,BKH,1m
2024-09-16 15:10:00+00:00,60.880001068115234,60.880001068115234,60.880001068115234,60.84000015258789,60.84000015258789,582.0,BKH,1m
2024-09-16 15:12:00+00:00,60.77000045776367,60.77000045776367,60.779998779296875,60.77000045776367,60.779998779296875,227.0,BKH,1m
2024-09-16 15:13:00+00:00,60.790000915527344,60.790000915527344,60.790000915527344,60.790000915527344,60.790000915527344,286.0,BKH,1m
2024-09-16 15:14:00+00:00,60.7599983215332,60.7599983215332,60.7599983215332,60.7599983215332,60.7599983215332,233.0,BKH,1m
2024-09-16 15:16:00+00:00,60.79999923706055,60.79999923706055,60.79999923706055,60.790000915527344,60.790000915527344,709.0,BKH,1m
2024-09-16 15:19:00+00:00,60.814998626708984,60.814998626708984,60.814998626708984,60.814998626708984,60.814998626708984,177.0,BKH,1m
2024-09-16 15:20:00+00:00,60.83000183105469,60.83000183105469,60.83000183105469,60.83000183105469,60.83000183105469,1402.0,BKH,1m
2024-09-16 15:25:00+00:00,60.79999923706055,60.79999923706055,60.79999923706055,60.79999923706055,60.79999923706055,462.0,BKH,1m
2024-09-16 15:28:00+00:00,60.7599983215332,60.7599983215332,60.790000915527344,60.7599983215332,60.790000915527344,594.0,BKH,1m
2024-09-16 15:31:00+00:00,60.779998779296875,60.779998779296875,60.779998779296875,60.7599983215332,60.7599983215332,834.0,BKH,1m
2024-09-16 15:34:00+00:00,60.83000183105469,60.83000183105469,60.83000183105469,60.83000183105469,60.83000183105469,518.0,BKH,1m
2024-09-16 15:35:00+00:00,60.84000015258789,60.84000015258789,60.84000015258789,60.81999969482422,60.81999969482422,478.0,BKH,1m
2024-09-16 15:38:00+00:00,60.869998931884766,60.869998931884766,60.869998931884766,60.869998931884766,60.869998931884766,398.0,BKH,1m
2024-09-16 15:39:00+00:00,60.88999938964844,60.88999938964844,60.88999938964844,60.876399993896484,60.876399993896484,330.0,BKH,1m
2024-09-16 15:40:00+00:00,60.92499923706055,60.92499923706055,60.92499923706055,60.92499923706055,60.92499923706055,372.0,BKH,1m
2024-09-16 15:44:00+00:00,60.88999938964844,60.88999938964844,60.88999938964844,60.88999938964844,60.88999938964844,673.0,BKH,1m
2024-09-16 15:45:00+00:00,60.93000030517578,60.93000030517578,60.93000030517578,60.93000030517578,60.93000030517578,724.0,BKH,1m
2024-09-16 15:50:00+00:00,61.0,61.0,61.0,61.0,61.0,163.0,BKH,1m
2024-09-16 15:51:00+00:00,60.970001220703125,60.970001220703125,60.97999954223633,60.959999084472656,60.970001220703125,723.0,BKH,1m
2024-09-16 15:53:00+00:00,60.939998626708984,60.939998626708984,60.95000076293945,60.939998626708984,60.95000076293945,861.0,BKH,1m
2024-09-16 15:57:00+00:00,61.02000045776367,61.02000045776367,61.02000045776367,61.02000045776367,61.02000045776367,1249.0,BKH,1m
2024-09-16 16:08:00+00:00,61.06999969482422,61.06999969482422,61.09000015258789,61.06999969482422,61.09000015258789,1034.0,BKH,1m
2024-09-16 16:15:00+00:00,61.06999969482422,61.06999969482422,61.06999969482422,61.06999969482422,61.06999969482422,304.0,BKH,1m
2024-09-16 16:16:00+00:00,61.06999969482422,61.06999969482422,61.06999969482422,61.06999969482422,61.06999969482422,141.0,BKH,1m
2024-09-16 16:17:00+00:00,61.08000183105469,61.08000183105469,61.08000183105469,61.08000183105469,61.08000183105469,107.0,BKH,1m
2024-09-16 16:18:00+00:00,61.06999969482422,61.06999969482422,61.06999969482422,61.06999969482422,61.06999969482422,505.0,BKH,1m
2024-09-16 16:20:00+00:00,61.099998474121094,61.099998474121094,61.099998474121094,61.099998474121094,61.099998474121094,371.0,BKH,1m
2024-09-16 16:21:00+00:00,61.119998931884766,61.119998931884766,61.119998931884766,61.119998931884766,61.119998931884766,344.0,BKH,1m
2024-09-16 16:22:00+00:00,61.13999938964844,61.13999938964844,61.13999938964844,61.13999938964844,61.13999938964844,227.0,BKH,1m
2024-09-16 16:24:00+00:00,61.13999938964844,61.13999938964844,61.13999938964844,61.13999938964844,61.13999938964844,201.0,BKH,1m
2024-09-16 16:25:00+00:00,61.18000030517578,61.18000030517578,61.18000030517578,61.15999984741211,61.15999984741211,712.0,BKH,1m
2024-09-16 16:26:00+00:00,61.16999816894531,61.16999816894531,61.20000076293945,61.16999816894531,61.20000076293945,2294.0,BKH,1m
2024-09-16 16:27:00+00:00,61.19499969482422,61.19499969482422,61.220001220703125,61.19499969482422,61.220001220703125,359.0,BKH,1m
2024-09-16 16:28:00+00:00,61.19499969482422,61.19499969482422,61.19499969482422,61.19499969482422,61.19499969482422,516.0,BKH,1m
2024-09-16 16:31:00+00:00,61.19499969482422,61.19499969482422,61.19499969482422,61.19499969482422,61.19499969482422,106.0,BKH,1m
2024-09-16 16:32:00+00:00,61.16999816894531,61.16999816894531,61.189998626708984,61.16999816894531,61.16999816894531,2441.0,BKH,1m
2024-09-16 16:33:00+00:00,61.19990158081055,61.19990158081055,61.20000076293945,61.15999984741211,61.15999984741211,1701.0,BKH,1m
2024-09-16 16:34:00+00:00,61.20000076293945,61.20000076293945,61.20000076293945,61.20000076293945,61.20000076293945,687.0,BKH,1m
2024-09-16 16:36:00+00:00,61.220001220703125,61.220001220703125,61.220001220703125,61.220001220703125,61.220001220703125,2234.0,BKH,1m
2024-09-16 16:38:00+00:00,61.279998779296875,61.279998779296875,61.279998779296875,61.249900817871094,61.249900817871094,2146.0,BKH,1m
2024-09-16 16:39:00+00:00,61.27000045776367,61.27000045776367,61.27000045776367,61.27000045776367,61.27000045776367,525.0,BKH,1m
2024-09-16 16:41:00+00:00,61.27000045776367,61.27000045776367,61.27000045776367,61.27000045776367,61.27000045776367,357.0,BKH,1m
2024-09-16 16:43:00+00:00,61.29999923706055,61.29999923706055,61.29999923706055,61.29999923706055,61.29999923706055,144.0,BKH,1m
2024-09-16 16:45:00+00:00,61.29999923706055,61.29999923706055,61.29999923706055,61.29999923706055,61.29999923706055,569.0,BKH,1m
2024-09-16 16:49:00+00:00,61.275001525878906,61.275001525878906,61.275001525878906,61.275001525878906,61.275001525878906,192.0,BKH,1m
2024-09-16 16:52:00+00:00,61.279300689697266,61.279300689697266,61.290000915527344,61.279300689697266,61.290000915527344,993.0,BKH,1m
2024-09-16 16:53:00+00:00,61.244998931884766,61.244998931884766,61.244998931884766,61.244998931884766,61.244998931884766,102.0,BKH,1m
2024-09-16 16:54:00+00:00,61.25,61.25,61.25,61.25,61.25,273.0,BKH,1m
2024-09-16 16:55:00+00:00,61.25,61.25,61.25,61.25,61.25,215.0,BKH,1m
2024-09-16 16:56:00+00:00,61.2400016784668,61.2400016784668,61.25,61.2400016784668,61.25,837.0,BKH,1m
2024-09-16 17:02:00+00:00,61.22999954223633,61.22999954223633,61.22999954223633,61.22999954223633,61.22999954223633,525.0,BKH,1m
2024-09-16 17:04:00+00:00,61.220001220703125,61.220001220703125,61.220001220703125,61.220001220703125,61.220001220703125,807.0,BKH,1m
2024-09-16 17:11:00+00:00,61.27000045776367,61.27000045776367,61.27000045776367,61.27000045776367,61.27000045776367,788.0,BKH,1m
2024-09-16 17:15:00+00:00,61.255001068115234,61.255001068115234,61.255001068115234,61.234798431396484,61.234798431396484,520.0,BKH,1m
2024-09-16 17:16:00+00:00,61.22999954223633,61.22999954223633,61.22999954223633,61.22999954223633,61.22999954223633,869.0,BKH,1m
2024-09-16 17:18:00+00:00,61.244998931884766,61.244998931884766,61.244998931884766,61.2400016784668,61.2400016784668,856.0,BKH,1m
2024-09-16 17:23:00+00:00,61.25,61.25,61.27000045776367,61.2400016784668,61.27000045776367,1161.0,BKH,1m
2024-09-16 17:24:00+00:00,61.25,61.25,61.26499938964844,61.25,61.26499938964844,266.0,BKH,1m
2024-09-16 17:26:00+00:00,61.275001525878906,61.275001525878906,61.275001525878906,61.275001525878906,61.275001525878906,200.0,BKH,1m
2024-09-16 17:28:00+00:00,61.25,61.25,61.25,61.25,61.25,1304.0,BKH,1m
2024-09-16 17:33:00+00:00,61.19499969482422,61.19499969482422,61.19499969482422,61.19499969482422,61.19499969482422,211.0,BKH,1m
2024-09-16 17:35:00+00:00,61.18000030517578,61.18000030517578,61.20000076293945,61.18000030517578,61.185001373291016,720.0,BKH,1m
2024-09-16 17:37:00+00:00,61.25,61.25,61.25,61.25,61.25,114.0,BKH,1m
2024-09-16 17:38:00+00:00,61.22999954223633,61.22999954223633,61.22999954223633,61.22999954223633,61.22999954223633,348.0,BKH,1m
2024-09-16 17:39:00+00:00,61.22999954223633,61.22999954223633,61.22999954223633,61.22999954223633,61.22999954223633,421.0,BKH,1m
2024-09-16 17:41:00+00:00,61.220001220703125,61.220001220703125,61.220001220703125,61.220001220703125,61.220001220703125,127.0,BKH,1m
2024-09-16 17:42:00+00:00,61.20000076293945,61.20000076293945,61.22999954223633,61.20000076293945,61.22999954223633,777.0,BKH,1m
2024-09-16 17:44:00+00:00,61.20000076293945,61.20000076293945,61.22999954223633,61.20000076293945,61.220001220703125,940.0,BKH,1m
2024-09-16 17:45:00+00:00,61.18000030517578,61.18000030517578,61.18000030517578,61.18000030517578,61.18000030517578,225.0,BKH,1m
2024-09-16 17:48:00+00:00,61.13999938964844,61.13999938964844,61.16999816894531,61.1349983215332,61.16999816894531,845.0,BKH,1m
2024-09-16 17:51:00+00:00,61.13999938964844,61.13999938964844,61.13999938964844,61.13999938964844,61.13999938964844,580.0,BKH,1m
2024-09-16 17:55:00+00:00,61.154998779296875,61.154998779296875,61.154998779296875,61.154998779296875,61.154998779296875,405.0,BKH,1m
2024-09-16 17:59:00+00:00,61.15999984741211,61.15999984741211,61.15999984741211,61.15999984741211,61.15999984741211,1229.0,BKH,1m
2024-09-16 18:01:00+00:00,61.154998779296875,61.154998779296875,61.154998779296875,61.154998779296875,61.154998779296875,184.0,BKH,1m
2024-09-16 18:03:00+00:00,61.161800384521484,61.161800384521484,61.161800384521484,61.161800384521484,61.161800384521484,256.0,BKH,1m
2024-09-16 18:05:00+00:00,61.165000915527344,61.165000915527344,61.165000915527344,61.150001525878906,61.15010070800781,790.0,BKH,1m
2024-09-16 18:06:00+00:00,61.189998626708984,61.189998626708984,61.20000076293945,61.189998626708984,61.20000076293945,1178.0,BKH,1m
2024-09-16 18:11:00+00:00,61.209999084472656,61.209999084472656,61.22999954223633,61.20000076293945,61.22999954223633,1196.0,BKH,1m
2024-09-16 18:12:00+00:00,61.222198486328125,61.222198486328125,61.222198486328125,61.222198486328125,61.222198486328125,154.0,BKH,1m
2024-09-16 18:14:00+00:00,61.209999084472656,61.209999084472656,61.209999084472656,61.209999084472656,61.209999084472656,185.0,BKH,1m
2024-09-16 18:15:00+00:00,61.220001220703125,61.220001220703125,61.220001220703125,61.220001220703125,61.220001220703125,931.0,BKH,1m
2024-09-16 18:24:00+00:00,61.220001220703125,61.220001220703125,61.22999954223633,61.220001220703125,61.22999954223633,722.0,BKH,1m
2024-09-16 18:25:00+00:00,61.22999954223633,61.22999954223633,61.22999954223633,61.22999954223633,61.22999954223633,266.0,BKH,1m
2024-09-16 18:26:00+00:00,61.25,61.25,61.25,61.25,61.25,422.0,BKH,1m
2024-09-16 18:27:00+00:00,61.2599983215332,61.2599983215332,61.2599983215332,61.2599983215332,61.2599983215332,365.0,BKH,1m
2024-09-16 18:28:00+00:00,61.220001220703125,61.220001220703125,61.220001220703125,61.220001220703125,61.220001220703125,423.0,BKH,1m
2024-09-16 18:31:00+00:00,61.22999954223633,61.22999954223633,61.22999954223633,61.22999954223633,61.22999954223633,920.0,BKH,1m
2024-09-16 18:32:00+00:00,61.255001068115234,61.255001068115234,61.255001068115234,61.255001068115234,61.255001068115234,882.0,BKH,1m
2024-09-16 18:36:00+00:00,61.279998779296875,61.279998779296875,61.279998779296875,61.27000045776367,61.27000045776367,427.0,BKH,1m
2024-09-16 18:37:00+00:00,61.275001525878906,61.275001525878906,61.275001525878906,61.275001525878906,61.275001525878906,274.0,BKH,1m
2024-09-16 18:38:00+00:00,61.26499938964844,61.26499938964844,61.26499938964844,61.25,61.25,507.0,BKH,1m
2024-09-16 18:39:00+00:00,61.27000045776367,61.27000045776367,61.27000045776367,61.27000045776367,61.27000045776367,306.0,BKH,1m
2024-09-16 18:40:00+00:00,61.290000915527344,61.290000915527344,61.290000915527344,61.290000915527344,61.290000915527344,130.0,BKH,1m
2024-09-16 18:42:00+00:00,61.25,61.25,61.279998779296875,61.25,61.279998779296875,955.0,BKH,1m
2024-09-16 18:45:00+00:00,61.25,61.25,61.25,61.25,61.25,324.0,BKH,1m
2024-09-16 18:47:00+00:00,61.27000045776367,61.27000045776367,61.27000045776367,61.2599983215332,61.2599983215332,444.0,BKH,1m
2024-09-16 18:52:00+00:00,61.2599983215332,61.2599983215332,61.2599983215332,61.25,61.25,1976.0,BKH,1m
2024-09-16 18:54:00+00:00,61.22999954223633,61.22999954223633,61.2400016784668,61.22999954223633,61.2400016784668,565.0,BKH,1m
2024-09-16 18:55:00+00:00,61.2400016784668,61.2400016784668,61.2400016784668,61.2400016784668,61.2400016784668,366.0,BKH,1m
2024-09-16 18:56:00+00:00,61.27000045776367,61.27000045776367,61.27000045776367,61.255001068115234,61.255001068115234,206.0,BKH,1m
2024-09-16 18:57:00+00:00,61.29499816894531,61.29499816894531,61.29499816894531,61.269901275634766,61.269901275634766,1545.0,BKH,1m
2024-09-16 18:58:00+00:00,61.29999923706055,61.29999923706055,61.310001373291016,61.29999923706055,61.310001373291016,688.0,BKH,1m
2024-09-16 18:59:00+00:00,61.29999923706055,61.29999923706055,61.29999923706055,61.29999923706055,61.29999923706055,284.0,BKH,1m
2024-09-16 19:00:00+00:00,61.27000045776367,61.27000045776367,61.29999923706055,61.27000045776367,61.29999923706055,1044.0,BKH,1m
2024-09-16 19:02:00+00:00,61.255001068115234,61.255001068115234,61.255001068115234,61.255001068115234,61.255001068115234,150.0,BKH,1m
2024-09-16 19:05:00+00:00,61.22999954223633,61.22999954223633,61.2400016784668,61.22999954223633,61.2400016784668,423.0,BKH,1m
2024-09-16 19:06:00+00:00,61.2599983215332,61.2599983215332,61.2599983215332,61.22999954223633,61.23500061035156,1811.0,BKH,1m
2024-09-16 19:09:00+00:00,61.25,61.25,61.25,61.25,61.25,434.0,BKH,1m
2024-09-16 19:10:00+00:00,61.25,61.25,61.25,61.25,61.25,160.0,BKH,1m
2024-09-16 19:11:00+00:00,61.2400016784668,61.2400016784668,61.2400016784668,61.2400016784668,61.2400016784668,743.0,BKH,1m
2024-09-16 19:16:00+00:00,61.18000030517578,61.18000030517578,61.19499969482422,61.18000030517578,61.185001373291016,720.0,BKH,1m
2024-09-16 19:17:00+00:00,61.189998626708984,61.189998626708984,61.189998626708984,61.189998626708984,61.189998626708984,1033.0,BKH,1m
2024-09-16 19:19:00+00:00,61.18000030517578,61.18000030517578,61.18000030517578,61.18000030517578,61.18000030517578,332.0,BKH,1m
2024-09-16 19:20:00+00:00,61.15999984741211,61.15999984741211,61.15999984741211,61.15999984741211,61.15999984741211,226.0,BKH,1m
2024-09-16 19:21:00+00:00,61.165000915527344,61.165000915527344,61.165000915527344,61.165000915527344,61.165000915527344,332.0,BKH,1m
2024-09-16 19:22:00+00:00,61.189998626708984,61.189998626708984,61.189998626708984,61.18000030517578,61.18000030517578,1164.0,BKH,1m
2024-09-16 19:24:00+00:00,61.209999084472656,61.209999084472656,61.209999084472656,61.209999084472656,61.209999084472656,179.0,BKH,1m
2024-09-16 19:25:00+00:00,61.20000076293945,61.20000076293945,61.220001220703125,61.20000076293945,61.220001220703125,1090.0,BKH,1m
2024-09-16 19:27:00+00:00,61.22209930419922,61.22209930419922,61.22209930419922,61.22209930419922,61.22209930419922,289.0,BKH,1m
2024-09-16 19:28:00+00:00,61.20000076293945,61.20000076293945,61.20000076293945,61.20000076293945,61.20000076293945,1128.0,BKH,1m
2024-09-16 19:30:00+00:00,61.224998474121094,61.224998474121094,61.224998474121094,61.209999084472656,61.209999084472656,692.0,BKH,1m
2024-09-16 19:32:00+00:00,61.21500015258789,61.21500015258789,61.21500015258789,61.20000076293945,61.20000076293945,805.0,BKH,1m
2024-09-16 19:33:00+00:00,61.220001220703125,61.220001220703125,61.22999954223633,61.220001220703125,61.22999954223633,1024.0,BKH,1m
2024-09-16 19:34:00+00:00,61.189998626708984,61.189998626708984,61.20000076293945,61.189998626708984,61.20000076293945,614.0,BKH,1m
2024-09-16 19:36:00+00:00,61.20000076293945,61.20000076293945,61.20000076293945,61.17649841308594,61.17649841308594,637.0,BKH,1m
2024-09-16 19:37:00+00:00,61.16999816894531,61.16999816894531,61.16999816894531,61.16999816894531,61.16999816894531,180.0,BKH,1m
2024-09-16 19:38:00+00:00,61.165000915527344,61.165000915527344,61.165000915527344,61.165000915527344,61.165000915527344,358.0,BKH,1m
2024-09-16 19:39:00+00:00,61.16999816894531,61.16999816894531,61.20000076293945,61.16999816894531,61.189998626708984,1383.0,BKH,1m
2024-09-16 19:40:00+00:00,61.17499923706055,61.17499923706055,61.17499923706055,61.17499923706055,61.17499923706055,380.0,BKH,1m
2024-09-16 19:41:00+00:00,61.17499923706055,61.17499923706055,61.17499923706055,61.17499923706055,61.17499923706055,453.0,BKH,1m
2024-09-16 19:42:00+00:00,61.15999984741211,61.15999984741211,61.15999984741211,61.15999984741211,61.15999984741211,1111.0,BKH,1m
2024-09-16 19:43:00+00:00,61.130001068115234,61.130001068115234,61.130001068115234,61.130001068115234,61.130001068115234,453.0,BKH,1m
2024-09-16 19:44:00+00:00,61.13999938964844,61.13999938964844,61.13999938964844,61.13999938964844,61.13999938964844,196.0,BKH,1m
2024-09-16 19:45:00+00:00,61.16999816894531,61.16999816894531,61.16999816894531,61.150001525878906,61.150001525878906,912.0,BKH,1m
2024-09-16 19:46:00+00:00,61.189998626708984,61.189998626708984,61.19499969482422,61.189998626708984,61.19499969482422,1049.0,BKH,1m
2024-09-16 19:47:00+00:00,61.20000076293945,61.20000076293945,61.20000076293945,61.189998626708984,61.20000076293945,1402.0,BKH,1m
2024-09-16 19:48:00+00:00,61.189998626708984,61.189998626708984,61.189998626708984,61.18000030517578,61.189998626708984,805.0,BKH,1m
2024-09-16 19:49:00+00:00,61.150001525878906,61.150001525878906,61.165000915527344,61.13999938964844,61.165000915527344,1982.0,BKH,1m
2024-09-16 19:50:00+00:00,61.16999816894531,61.16999816894531,61.16999816894531,61.154998779296875,61.154998779296875,2756.0,BKH,1m
2024-09-16 19:51:00+00:00,61.14500045776367,61.14500045776367,61.154998779296875,61.13999938964844,61.154998779296875,3760.0,BKH,1m
2024-09-16 19:52:00+00:00,61.150001525878906,61.150001525878906,61.15999984741211,61.13999938964844,61.13999938964844,2627.0,BKH,1m
2024-09-16 19:53:00+00:00,61.09000015258789,61.09000015258789,61.16999816894531,61.09000015258789,61.15999984741211,6254.0,BKH,1m
2024-09-16 19:54:00+00:00,61.09000015258789,61.09000015258789,61.099998474121094,61.08000183105469,61.099998474121094,4661.0,BKH,1m
2024-09-16 19:55:00+00:00,61.10499954223633,61.10499954223633,61.10499954223633,61.060001373291016,61.08000183105469,4357.0,BKH,1m
2024-09-16 19:56:00+00:00,61.10499954223633,61.10499954223633,61.119998931884766,61.08000183105469,61.09000015258789,5091.0,BKH,1m
2024-09-16 19:57:00+00:00,61.130001068115234,61.130001068115234,61.15999984741211,61.119998931884766,61.119998931884766,7401.0,BKH,1m
2024-09-16 19:58:00+00:00,61.130001068115234,61.130001068115234,61.1349983215332,61.11000061035156,61.1349983215332,5732.0,BKH,1m
2024-09-16 19:59:00+00:00,61.119998931884766,61.119998931884766,61.130001068115234,61.040000915527344,61.125,23631.0,BKH,1m
2024-09-17 13:30:00+00:00,61.20000076293945,61.20000076293945,61.5,61.20000076293945,61.5,8345.0,BKH,1m
2024-09-17 13:32:00+00:00,61.1150016784668,61.1150016784668,61.1150016784668,61.1150016784668,61.1150016784668,306.0,BKH,1m
2024-09-17 13:35:00+00:00,61.349998474121094,61.349998474121094,61.349998474121094,61.349998474121094,61.349998474121094,118.0,BKH,1m
2024-09-17 13:36:00+00:00,61.28499984741211,61.28499984741211,61.28499984741211,61.28499984741211,61.28499984741211,199.0,BKH,1m
2024-09-17 13:40:00+00:00,61.20000076293945,61.20000076293945,61.29999923706055,61.20000076293945,61.29999923706055,1023.0,BKH,1m
2024-09-17 13:41:00+00:00,61.27000045776367,61.27000045776367,61.27000045776367,61.27000045776367,61.27000045776367,268.0,BKH,1m
2024-09-17 13:43:00+00:00,61.209999084472656,61.209999084472656,61.209999084472656,61.209999084472656,61.209999084472656,216.0,BKH,1m
2024-09-17 13:46:00+00:00,61.224998474121094,61.224998474121094,61.224998474121094,61.224998474121094,61.224998474121094,100.0,BKH,1m
2024-09-17 13:47:00+00:00,61.28990173339844,61.28990173339844,61.28990173339844,61.220001220703125,61.220001220703125,251.0,BKH,1m
2024-09-17 13:48:00+00:00,61.220001220703125,61.220001220703125,61.220001220703125,61.220001220703125,61.220001220703125,177.0,BKH,1m
2024-09-17 13:49:00+00:00,61.275001525878906,61.275001525878906,61.290000915527344,61.275001525878906,61.290000915527344,342.0,BKH,1m
2024-09-17 13:51:00+00:00,61.22999954223633,61.22999954223633,61.2400016784668,61.22999954223633,61.2400016784668,782.0,BKH,1m
2024-09-17 13:52:00+00:00,61.349998474121094,61.349998474121094,61.349998474121094,61.34000015258789,61.34000015258789,424.0,BKH,1m
2024-09-17 13:54:00+00:00,61.2599983215332,61.2599983215332,61.2599983215332,61.2599983215332,61.2599983215332,225.0,BKH,1m
2024-09-17 13:55:00+00:00,61.2599983215332,61.2599983215332,61.2599983215332,61.2599983215332,61.2599983215332,185.0,BKH,1m
2024-09-17 13:56:00+00:00,61.255001068115234,61.255001068115234,61.27000045776367,61.255001068115234,61.27000045776367,388.0,BKH,1m
2024-09-17 13:57:00+00:00,61.27000045776367,61.27000045776367,61.27000045776367,61.27000045776367,61.27000045776367,147.0,BKH,1m
2024-09-17 13:58:00+00:00,61.32500076293945,61.32500076293945,61.32500076293945,61.27000045776367,61.27000045776367,540.0,BKH,1m
2024-09-17 13:59:00+00:00,61.27000045776367,61.27000045776367,61.32500076293945,61.27000045776367,61.32500076293945,860.0,BKH,1m
2024-09-17 14:03:00+00:00,61.26499938964844,61.26499938964844,61.26499938964844,61.26499938964844,61.26499938964844,263.0,BKH,1m
2024-09-17 14:04:00+00:00,61.369998931884766,61.369998931884766,61.369998931884766,61.36000061035156,61.36000061035156,628.0,BKH,1m
2024-09-17 14:05:00+00:00,61.459999084472656,61.459999084472656,61.459999084472656,61.400001525878906,61.400001525878906,353.0,BKH,1m
2024-09-17 14:06:00+00:00,61.39500045776367,61.39500045776367,61.39500045776367,61.39500045776367,61.39500045776367,104.0,BKH,1m
2024-09-17 14:07:00+00:00,61.52000045776367,61.52000045776367,61.52000045776367,61.459999084472656,61.459999084472656,658.0,BKH,1m
2024-09-17 14:08:00+00:00,61.5,61.5,61.5,61.5,61.5,440.0,BKH,1m
2024-09-17 14:09:00+00:00,61.5,61.5,61.5,61.5,61.5,199.0,BKH,1m
2024-09-17 14:10:00+00:00,61.529998779296875,61.529998779296875,61.529998779296875,61.529998779296875,61.529998779296875,387.0,BKH,1m
2024-09-17 14:12:00+00:00,61.56999969482422,61.56999969482422,61.56999969482422,61.540000915527344,61.54999923706055,308.0,BKH,1m
2024-09-17 14:13:00+00:00,61.564998626708984,61.564998626708984,61.564998626708984,61.564998626708984,61.564998626708984,136.0,BKH,1m
2024-09-17 14:15:00+00:00,61.6150016784668,61.6150016784668,61.6150016784668,61.56999969482422,61.56999969482422,562.0,BKH,1m
2024-09-17 14:17:00+00:00,61.599998474121094,61.599998474121094,61.61000061035156,61.58000183105469,61.59000015258789,1824.0,BKH,1m
2024-09-17 14:18:00+00:00,61.58000183105469,61.58000183105469,61.599998474121094,61.58000183105469,61.599998474121094,289.0,BKH,1m
2024-09-17 14:19:00+00:00,61.689998626708984,61.689998626708984,61.689998626708984,61.56769943237305,61.56769943237305,1457.0,BKH,1m
2024-09-17 14:20:00+00:00,61.650001525878906,61.650001525878906,61.68000030517578,61.63999938964844,61.68000030517578,1397.0,BKH,1m
2024-09-17 14:24:00+00:00,61.665000915527344,61.665000915527344,61.66999816894531,61.63999938964844,61.66999816894531,1188.0,BKH,1m
2024-09-17 14:25:00+00:00,61.665000915527344,61.665000915527344,61.665000915527344,61.665000915527344,61.665000915527344,204.0,BKH,1m
2024-09-17 14:26:00+00:00,61.630001068115234,61.630001068115234,61.63999938964844,61.630001068115234,61.63999938964844,440.0,BKH,1m
2024-09-17 14:27:00+00:00,61.665000915527344,61.665000915527344,61.665000915527344,61.665000915527344,61.665000915527344,218.0,BKH,1m
2024-09-17 14:28:00+00:00,61.654998779296875,61.654998779296875,61.654998779296875,61.654998779296875,61.654998779296875,153.0,BKH,1m
2024-09-17 14:30:00+00:00,61.64500045776367,61.64500045776367,61.64500045776367,61.64500045776367,61.64500045776367,417.0,BKH,1m
2024-09-17 14:31:00+00:00,61.61000061035156,61.61000061035156,61.619998931884766,61.61000061035156,61.619998931884766,486.0,BKH,1m
2024-09-17 14:32:00+00:00,61.625,61.625,61.625,61.625,61.625,230.0,BKH,1m
2024-09-17 14:33:00+00:00,61.584999084472656,61.584999084472656,61.599998474121094,61.584999084472656,61.599998474121094,990.0,BKH,1m
2024-09-17 14:35:00+00:00,61.61000061035156,61.61000061035156,61.61000061035156,61.61000061035156,61.61000061035156,214.0,BKH,1m
2024-09-17 14:37:00+00:00,61.57170104980469,61.57170104980469,61.57170104980469,61.57170104980469,61.57170104980469,372.0,BKH,1m
2024-09-17 14:38:00+00:00,61.59000015258789,61.59000015258789,61.59000015258789,61.54999923706055,61.54999923706055,1384.0,BKH,1m
2024-09-17 14:39:00+00:00,61.599998474121094,61.599998474121094,61.599998474121094,61.599998474121094,61.599998474121094,251.0,BKH,1m
2024-09-17 14:40:00+00:00,61.650001525878906,61.650001525878906,61.650001525878906,61.61000061035156,61.61000061035156,1702.0,BKH,1m
2024-09-17 14:43:00+00:00,61.63999938964844,61.63999938964844,61.63999938964844,61.630001068115234,61.63999938964844,1307.0,BKH,1m
2024-09-17 14:45:00+00:00,61.665000915527344,61.665000915527344,61.665000915527344,61.619998931884766,61.619998931884766,704.0,BKH,1m
2024-09-17 14:46:00+00:00,61.66999816894531,61.66999816894531,61.66999816894531,61.66999816894531,61.66999816894531,240.0,BKH,1m
2024-09-17 14:47:00+00:00,61.70000076293945,61.70000076293945,61.70000076293945,61.70000076293945,61.70000076293945,335.0,BKH,1m
2024-09-17 14:49:00+00:00,61.75,61.75,61.75,61.75,61.75,606.0,BKH,1m
2024-09-17 14:50:00+00:00,61.7599983215332,61.7599983215332,61.7599983215332,61.7400016784668,61.7400016784668,470.0,BKH,1m
2024-09-17 14:52:00+00:00,61.747100830078125,61.747100830078125,61.747100830078125,61.747100830078125,61.747100830078125,133.0,BKH,1m
2024-09-17 14:56:00+00:00,61.709999084472656,61.709999084472656,61.709999084472656,61.709999084472656,61.709999084472656,919.0,BKH,1m
2024-09-17 14:58:00+00:00,61.720001220703125,61.720001220703125,61.720001220703125,61.720001220703125,61.720001220703125,1334.0,BKH,1m
2024-09-17 15:00:00+00:00,61.87990188598633,61.87990188598633,61.87990188598633,61.79999923706055,61.79999923706055,2237.0,BKH,1m
2024-09-17 15:01:00+00:00,61.8650016784668,61.8650016784668,61.869998931884766,61.8650016784668,61.869998931884766,398.0,BKH,1m
2024-09-17 15:02:00+00:00,61.88999938964844,61.88999938964844,61.88999938964844,61.88999938964844,61.88999938964844,488.0,BKH,1m
2024-09-17 15:03:00+00:00,61.880001068115234,61.880001068115234,61.880001068115234,61.869998931884766,61.869998931884766,412.0,BKH,1m
2024-09-17 15:05:00+00:00,61.86000061035156,61.86000061035156,61.86000061035156,61.834999084472656,61.834999084472656,583.0,BKH,1m
2024-09-17 15:06:00+00:00,61.86000061035156,61.86000061035156,61.86000061035156,61.86000061035156,61.86000061035156,141.0,BKH,1m
2024-09-17 15:07:00+00:00,61.87990188598633,61.87990188598633,61.880001068115234,61.87990188598633,61.880001068115234,540.0,BKH,1m
2024-09-17 15:09:00+00:00,61.85499954223633,61.85499954223633,61.85499954223633,61.85499954223633,61.85499954223633,239.0,BKH,1m
2024-09-17 15:10:00+00:00,61.849998474121094,61.849998474121094,61.849998474121094,61.79999923706055,61.84000015258789,659.0,BKH,1m
2024-09-17 15:11:00+00:00,61.86000061035156,61.86000061035156,61.875,61.86000061035156,61.875,423.0,BKH,1m
2024-09-17 15:12:00+00:00,61.86000061035156,61.86000061035156,61.86000061035156,61.83000183105469,61.86000061035156,2489.0,BKH,1m
2024-09-17 15:13:00+00:00,61.82500076293945,61.82500076293945,61.82500076293945,61.82500076293945,61.82500076293945,215.0,BKH,1m
2024-09-17 15:15:00+00:00,61.814998626708984,61.814998626708984,61.81999969482422,61.810001373291016,61.81999969482422,704.0,BKH,1m
2024-09-17 15:16:00+00:00,61.77000045776367,61.77000045776367,61.810001373291016,61.77000045776367,61.810001373291016,35909.0,BKH,1m
2024-09-17 15:17:00+00:00,61.79499816894531,61.79499816894531,61.79499816894531,61.79499816894531,61.79499816894531,175.0,BKH,1m
2024-09-17 15:18:00+00:00,61.83000183105469,61.83000183105469,61.83000183105469,61.79499816894531,61.79499816894531,944.0,BKH,1m
2024-09-17 15:20:00+00:00,61.7400016784668,61.7400016784668,61.79999923706055,61.7400016784668,61.79999923706055,710.0,BKH,1m
2024-09-17 15:22:00+00:00,61.744998931884766,61.744998931884766,61.744998931884766,61.72999954223633,61.72999954223633,444.0,BKH,1m
2024-09-17 15:23:00+00:00,61.77000045776367,61.77000045776367,61.77000045776367,61.77000045776367,61.77000045776367,591.0,BKH,1m
2024-09-17 15:24:00+00:00,61.75,61.75,61.779998779296875,61.75,61.779998779296875,313.0,BKH,1m
2024-09-17 15:26:00+00:00,61.7599983215332,61.7599983215332,61.7599983215332,61.7599983215332,61.7599983215332,335.0,BKH,1m
2024-09-17 15:28:00+00:00,61.7599983215332,61.7599983215332,61.810001373291016,61.7599983215332,61.810001373291016,666.0,BKH,1m
2024-09-17 15:30:00+00:00,61.78499984741211,61.78499984741211,61.790000915527344,61.779998779296875,61.779998779296875,584.0,BKH,1m
2024-09-17 15:31:00+00:00,61.790000915527344,61.790000915527344,61.810001373291016,61.790000915527344,61.79999923706055,907.0,BKH,1m
2024-09-17 15:34:00+00:00,61.790000915527344,61.790000915527344,61.790000915527344,61.790000915527344,61.790000915527344,120.0,BKH,1m
2024-09-17 15:35:00+00:00,61.779998779296875,61.779998779296875,61.779998779296875,61.75,61.76499938964844,901.0,BKH,1m
2024-09-17 15:36:00+00:00,61.79999923706055,61.79999923706055,61.79999923706055,61.790000915527344,61.790000915527344,418.0,BKH,1m
2024-09-17 15:37:00+00:00,61.81999969482422,61.81999969482422,61.81999969482422,61.81999969482422,61.81999969482422,200.0,BKH,1m
2024-09-17 15:38:00+00:00,61.790000915527344,61.790000915527344,61.79999923706055,61.790000915527344,61.79999923706055,649.0,BKH,1m
2024-09-17 15:41:00+00:00,61.810001373291016,61.810001373291016,61.810001373291016,61.810001373291016,61.810001373291016,362.0,BKH,1m
2024-09-17 15:42:00+00:00,61.834999084472656,61.834999084472656,61.834999084472656,61.83000183105469,61.83000183105469,1335.0,BKH,1m
2024-09-17 15:44:00+00:00,61.819698333740234,61.819698333740234,61.819698333740234,61.80500030517578,61.80500030517578,542.0,BKH,1m
2024-09-17 15:45:00+00:00,61.790000915527344,61.790000915527344,61.79999923706055,61.790000915527344,61.79999923706055,1160.0,BKH,1m
2024-09-17 15:46:00+00:00,61.79999923706055,61.79999923706055,61.79999923706055,61.79999923706055,61.79999923706055,270.0,BKH,1m
2024-09-17 15:49:00+00:00,61.79999923706055,61.79999923706055,61.79999923706055,61.79999923706055,61.79999923706055,512.0,BKH,1m
2024-09-17 15:50:00+00:00,61.779998779296875,61.779998779296875,61.779998779296875,61.779998779296875,61.779998779296875,188.0,BKH,1m
2024-09-17 15:52:00+00:00,61.790000915527344,61.790000915527344,61.790000915527344,61.790000915527344,61.790000915527344,864.0,BKH,1m
2024-09-17 15:54:00+00:00,61.790000915527344,61.790000915527344,61.790000915527344,61.790000915527344,61.790000915527344,336.0,BKH,1m
2024-09-17 15:56:00+00:00,61.75,61.75,61.75,61.75,61.75,336.0,BKH,1m
2024-09-17 15:57:00+00:00,61.72999954223633,61.72999954223633,61.72999954223633,61.72999954223633,61.72999954223633,245.0,BKH,1m
2024-09-17 15:58:00+00:00,61.709999084472656,61.709999084472656,61.709999084472656,61.709999084472656,61.709999084472656,221.0,BKH,1m
2024-09-17 15:59:00+00:00,61.709999084472656,61.709999084472656,61.709999084472656,61.709999084472656,61.709999084472656,224.0,BKH,1m
2024-09-17 16:00:00+00:00,61.68000030517578,61.68000030517578,61.68000030517578,61.68000030517578,61.68000030517578,776.0,BKH,1m
2024-09-17 16:02:00+00:00,61.66999816894531,61.66999816894531,61.66999816894531,61.66999816894531,61.66999816894531,565.0,BKH,1m
2024-09-17 16:03:00+00:00,61.69499969482422,61.69499969482422,61.69499969482422,61.68000030517578,61.69499969482422,1022.0,BKH,1m
2024-09-17 16:04:00+00:00,61.69499969482422,61.69499969482422,61.69499969482422,61.69499969482422,61.69499969482422,381.0,BKH,1m
2024-09-17 16:05:00+00:00,61.70000076293945,61.70000076293945,61.70000076293945,61.70000076293945,61.70000076293945,170.0,BKH,1m
2024-09-17 16:09:00+00:00,61.70000076293945,61.70000076293945,61.70000076293945,61.68000030517578,61.68000030517578,324.0,BKH,1m
2024-09-17 16:10:00+00:00,61.709999084472656,61.709999084472656,61.709999084472656,61.68000030517578,61.68000030517578,439.0,BKH,1m
2024-09-17 16:11:00+00:00,61.70000076293945,61.70000076293945,61.70000076293945,61.689998626708984,61.689998626708984,678.0,BKH,1m
2024-09-17 16:13:00+00:00,61.70500183105469,61.70500183105469,61.70500183105469,61.70500183105469,61.70500183105469,256.0,BKH,1m
2024-09-17 16:16:00+00:00,61.689998626708984,61.689998626708984,61.689998626708984,61.689998626708984,61.689998626708984,252.0,BKH,1m
2024-09-17 16:19:00+00:00,61.744998931884766,61.744998931884766,61.744998931884766,61.720001220703125,61.720001220703125,601.0,BKH,1m
2024-09-17 16:20:00+00:00,61.7599983215332,61.7599983215332,61.77000045776367,61.7599983215332,61.77000045776367,445.0,BKH,1m
2024-09-17 16:22:00+00:00,61.7598991394043,61.7598991394043,61.7599983215332,61.72999954223633,61.7599983215332,1262.0,BKH,1m
2024-09-17 16:23:00+00:00,61.75,61.75,61.76490020751953,61.75,61.76490020751953,545.0,BKH,1m
2024-09-17 16:25:00+00:00,61.75,61.75,61.75,61.75,61.75,363.0,BKH,1m
2024-09-17 16:26:00+00:00,61.72999954223633,61.72999954223633,61.7400016784668,61.72999954223633,61.7400016784668,291.0,BKH,1m
2024-09-17 16:28:00+00:00,61.7599983215332,61.7599983215332,61.7599983215332,61.7599983215332,61.7599983215332,203.0,BKH,1m
2024-09-17 16:29:00+00:00,61.74150085449219,61.74150085449219,61.74150085449219,61.74150085449219,61.74150085449219,181.0,BKH,1m
2024-09-17 16:30:00+00:00,61.70000076293945,61.70000076293945,61.70000076293945,61.70000076293945,61.70000076293945,529.0,BKH,1m
2024-09-17 16:33:00+00:00,61.723899841308594,61.723899841308594,61.723899841308594,61.723899841308594,61.723899841308594,370.0,BKH,1m
2024-09-17 16:34:00+00:00,61.702999114990234,61.702999114990234,61.702999114990234,61.702999114990234,61.702999114990234,2106.0,BKH,1m
2024-09-17 16:35:00+00:00,61.66999816894531,61.66999816894531,61.70000076293945,61.66999816894531,61.70000076293945,552.0,BKH,1m
2024-09-17 16:37:00+00:00,61.65999984741211,61.65999984741211,61.65999984741211,61.65999984741211,61.65999984741211,408.0,BKH,1m
2024-09-17 16:39:00+00:00,61.650001525878906,61.650001525878906,61.650001525878906,61.63999938964844,61.650001525878906,914.0,BKH,1m
2024-09-17 16:42:00+00:00,61.60499954223633,61.60499954223633,61.61000061035156,61.60499954223633,61.61000061035156,523.0,BKH,1m
2024-09-17 16:43:00+00:00,61.59000015258789,61.59000015258789,61.59000015258789,61.59000015258789,61.59000015258789,140.0,BKH,1m
2024-09-17 16:44:00+00:00,61.599998474121094,61.599998474121094,61.599998474121094,61.599998474121094,61.599998474121094,198.0,BKH,1m
2024-09-17 16:45:00+00:00,61.57500076293945,61.57500076293945,61.57500076293945,61.56999969482422,61.56999969482422,298.0,BKH,1m
2024-09-17 16:46:00+00:00,61.58000183105469,61.58000183105469,61.58000183105469,61.58000183105469,61.58000183105469,237.0,BKH,1m
2024-09-17 16:48:00+00:00,61.560001373291016,61.560001373291016,61.560001373291016,61.560001373291016,61.560001373291016,137.0,BKH,1m
2024-09-17 16:49:00+00:00,61.540000915527344,61.540000915527344,61.540000915527344,61.540000915527344,61.540000915527344,351.0,BKH,1m
2024-09-17 16:50:00+00:00,61.5,61.5,61.52000045776367,61.5,61.52000045776367,609.0,BKH,1m
2024-09-17 16:52:00+00:00,61.5,61.5,61.5,61.5,61.5,376.0,BKH,1m
2024-09-17 16:54:00+00:00,61.48809814453125,61.48809814453125,61.4900016784668,61.48809814453125,61.4900016784668,370.0,BKH,1m
2024-09-17 16:55:00+00:00,61.459999084472656,61.459999084472656,61.459999084472656,61.459999084472656,61.459999084472656,164.0,BKH,1m
2024-09-17 16:56:00+00:00,61.470001220703125,61.470001220703125,61.4900016784668,61.470001220703125,61.4900016784668,477.0,BKH,1m
2024-09-17 16:57:00+00:00,61.470001220703125,61.470001220703125,61.470001220703125,61.470001220703125,61.470001220703125,665.0,BKH,1m
2024-09-17 17:01:00+00:00,61.47999954223633,61.47999954223633,61.47999954223633,61.45000076293945,61.45000076293945,826.0,BKH,1m
2024-09-17 17:03:00+00:00,61.41999816894531,61.41999816894531,61.41999816894531,61.41999816894531,61.41999816894531,381.0,BKH,1m
2024-09-17 17:06:00+00:00,61.3849983215332,61.3849983215332,61.3849983215332,61.3849983215332,61.3849983215332,0.0,BKH,1m
2024-09-17 17:07:00+00:00,61.3849983215332,61.3849983215332,61.3849983215332,61.3849983215332,61.3849983215332,119700.0,BKH,1m
2024-09-17 17:08:00+00:00,61.29999923706055,61.29999923706055,61.34000015258789,61.29999923706055,61.34000015258789,438.0,BKH,1m
2024-09-17 17:09:00+00:00,61.33000183105469,61.33000183105469,61.33000183105469,61.33000183105469,61.33000183105469,162.0,BKH,1m
2024-09-17 17:10:00+00:00,61.334999084472656,61.334999084472656,61.334999084472656,61.334999084472656,61.334999084472656,504.0,BKH,1m
2024-09-17 17:12:00+00:00,61.27000045776367,61.27000045776367,61.29999923706055,61.2599983215332,61.29999923706055,2182.0,BKH,1m
2024-09-17 17:13:00+00:00,61.349998474121094,61.349998474121094,61.369998931884766,61.30500030517578,61.310001373291016,2527.0,BKH,1m
2024-09-17 17:15:00+00:00,61.275001525878906,61.275001525878906,61.310001373291016,61.27000045776367,61.310001373291016,1138.0,BKH,1m
2024-09-17 17:17:00+00:00,61.28499984741211,61.28499984741211,61.28499984741211,61.28499984741211,61.28499984741211,248.0,BKH,1m
2024-09-17 17:18:00+00:00,61.29999923706055,61.29999923706055,61.310001373291016,61.290000915527344,61.290000915527344,1413.0,BKH,1m
2024-09-17 17:19:00+00:00,61.279998779296875,61.279998779296875,61.290000915527344,61.279998779296875,61.290000915527344,352.0,BKH,1m
2024-09-17 17:20:00+00:00,61.29999923706055,61.29999923706055,61.314998626708984,61.275001525878906,61.275001525878906,774.0,BKH,1m
2024-09-17 17:21:00+00:00,61.29999923706055,61.29999923706055,61.29999923706055,61.29999923706055,61.29999923706055,311.0,BKH,1m
2024-09-17 17:22:00+00:00,61.290000915527344,61.290000915527344,61.310001373291016,61.290000915527344,61.310001373291016,492.0,BKH,1m
2024-09-17 17:23:00+00:00,61.31999969482422,61.31999969482422,61.31999969482422,61.31999969482422,61.31999969482422,684.0,BKH,1m
2024-09-17 17:24:00+00:00,61.36000061035156,61.36000061035156,61.36000061035156,61.34000015258789,61.34000015258789,1429.0,BKH,1m
2024-09-17 17:25:00+00:00,61.33000183105469,61.33000183105469,61.345001220703125,61.33000183105469,61.345001220703125,379.0,BKH,1m
2024-09-17 17:26:00+00:00,61.349998474121094,61.349998474121094,61.349998474121094,61.349998474121094,61.349998474121094,408.0,BKH,1m
2024-09-17 17:27:00+00:00,61.33000183105469,61.33000183105469,61.33000183105469,61.33000183105469,61.33000183105469,813.0,BKH,1m
2024-09-17 17:32:00+00:00,61.279998779296875,61.279998779296875,61.290000915527344,61.279998779296875,61.290000915527344,422.0,BKH,1m
2024-09-17 17:33:00+00:00,61.25,61.25,61.25,61.25,61.25,437.0,BKH,1m
2024-09-17 17:35:00+00:00,61.2400016784668,61.2400016784668,61.2400016784668,61.2400016784668,61.2400016784668,146.0,BKH,1m
2024-09-17 17:36:00+00:00,61.25,61.25,61.25,61.2400016784668,61.2400016784668,266.0,BKH,1m
2024-09-17 17:38:00+00:00,61.209999084472656,61.209999084472656,61.22999954223633,61.18000030517578,61.22999954223633,1585.0,BKH,1m
2024-09-17 17:39:00+00:00,61.20000076293945,61.20000076293945,61.20000076293945,61.20000076293945,61.20000076293945,591.0,BKH,1m
2024-09-17 17:42:00+00:00,61.16999816894531,61.16999816894531,61.16999816894531,61.16999816894531,61.16999816894531,543.0,BKH,1m
2024-09-17 17:43:00+00:00,61.154998779296875,61.154998779296875,61.15999984741211,61.154998779296875,61.15999984741211,769.0,BKH,1m
2024-09-17 17:45:00+00:00,61.130001068115234,61.130001068115234,61.16999816894531,61.130001068115234,61.16999816894531,229.0,BKH,1m
2024-09-17 17:46:00+00:00,61.154998779296875,61.154998779296875,61.154998779296875,61.150001525878906,61.150001525878906,552.0,BKH,1m
2024-09-17 17:47:00+00:00,61.13999938964844,61.13999938964844,61.154998779296875,61.13999938964844,61.154998779296875,257.0,BKH,1m
2024-09-17 17:48:00+00:00,61.165000915527344,61.165000915527344,61.17499923706055,61.150001525878906,61.150001525878906,1375.0,BKH,1m
2024-09-17 17:49:00+00:00,61.13999938964844,61.13999938964844,61.154998779296875,61.130001068115234,61.130001068115234,3000.0,BKH,1m
2024-09-17 17:51:00+00:00,61.209999084472656,61.209999084472656,61.209999084472656,61.209999084472656,61.209999084472656,465.0,BKH,1m
2024-09-17 17:52:00+00:00,61.20000076293945,61.20000076293945,61.20000076293945,61.189998626708984,61.189998626708984,295.0,BKH,1m
2024-09-17 17:53:00+00:00,61.209999084472656,61.209999084472656,61.209999084472656,61.209999084472656,61.209999084472656,212.0,BKH,1m
2024-09-17 17:54:00+00:00,61.220001220703125,61.220001220703125,61.220001220703125,61.220001220703125,61.220001220703125,217.0,BKH,1m
2024-09-17 17:56:00+00:00,61.16999816894531,61.16999816894531,61.189998626708984,61.16999816894531,61.189998626708984,469.0,BKH,1m
2024-09-17 17:57:00+00:00,61.189998626708984,61.189998626708984,61.189998626708984,61.189998626708984,61.189998626708984,361.0,BKH,1m
2024-09-17 17:58:00+00:00,61.189998626708984,61.189998626708984,61.20000076293945,61.189998626708984,61.20000076293945,651.0,BKH,1m
2024-09-17 18:01:00+00:00,61.220001220703125,61.220001220703125,61.224998474121094,61.220001220703125,61.224998474121094,276.0,BKH,1m
2024-09-17 18:02:00+00:00,61.20000076293945,61.20000076293945,61.209999084472656,61.20000076293945,61.209999084472656,503.0,BKH,1m
2024-09-17 18:03:00+00:00,61.209999084472656,61.209999084472656,61.209999084472656,61.189998626708984,61.189998626708984,820.0,BKH,1m
2024-09-17 18:05:00+00:00,61.20000076293945,61.20000076293945,61.20750045776367,61.20000076293945,61.20750045776367,764.0,BKH,1m
2024-09-17 18:06:00+00:00,61.209999084472656,61.209999084472656,61.209999084472656,61.19499969482422,61.19499969482422,765.0,BKH,1m
2024-09-17 18:07:00+00:00,61.189998626708984,61.189998626708984,61.189998626708984,61.189998626708984,61.189998626708984,224.0,BKH,1m
2024-09-17 18:08:00+00:00,61.19499969482422,61.19499969482422,61.19499969482422,61.19499969482422,61.19499969482422,135.0,BKH,1m
2024-09-17 18:09:00+00:00,61.20000076293945,61.20000076293945,61.20000076293945,61.20000076293945,61.20000076293945,342.0,BKH,1m
2024-09-17 18:10:00+00:00,61.220001220703125,61.220001220703125,61.220001220703125,61.220001220703125,61.220001220703125,181.0,BKH,1m
2024-09-17 18:11:00+00:00,61.2400016784668,61.2400016784668,61.2400016784668,61.224998474121094,61.224998474121094,982.0,BKH,1m
2024-09-17 18:12:00+00:00,61.22999954223633,61.22999954223633,61.24250030517578,61.22999954223633,61.2400016784668,486.0,BKH,1m
2024-09-17 18:13:00+00:00,61.220001220703125,61.220001220703125,61.22999954223633,61.220001220703125,61.22999954223633,796.0,BKH,1m
2024-09-17 18:18:00+00:00,61.2400016784668,61.2400016784668,61.25,61.2400016784668,61.2400016784668,588.0,BKH,1m
2024-09-17 18:19:00+00:00,61.25,61.25,61.25,61.2400016784668,61.2400016784668,916.0,BKH,1m
2024-09-17 18:20:00+00:00,61.2578010559082,61.2578010559082,61.2578010559082,61.2578010559082,61.2578010559082,100.0,BKH,1m
2024-09-17 18:21:00+00:00,61.282501220703125,61.282501220703125,61.282501220703125,61.25,61.2599983215332,1954.0,BKH,1m
2024-09-17 18:24:00+00:00,61.25,61.25,61.27000045776367,61.25,61.27000045776367,515.0,BKH,1m
2024-09-17 18:26:00+00:00,61.31760025024414,61.31760025024414,61.31760025024414,61.27000045776367,61.27000045776367,2133.0,BKH,1m
2024-09-17 18:27:00+00:00,61.275001525878906,61.275001525878906,61.275001525878906,61.275001525878906,61.275001525878906,1189.0,BKH,1m
2024-09-17 18:30:00+00:00,61.2599983215332,61.2599983215332,61.2599983215332,61.2599983215332,61.2599983215332,665.0,BKH,1m
2024-09-17 18:33:00+00:00,61.29999923706055,61.29999923706055,61.29999923706055,61.29999923706055,61.29999923706055,250.0,BKH,1m
2024-09-17 18:34:00+00:00,61.27000045776367,61.27000045776367,61.27000045776367,61.27000045776367,61.27000045776367,287.0,BKH,1m
2024-09-17 18:37:00+00:00,61.27000045776367,61.27000045776367,61.27000045776367,61.27000045776367,61.27000045776367,204.0,BKH,1m
2024-09-17 18:38:00+00:00,61.279998779296875,61.279998779296875,61.290000915527344,61.279998779296875,61.290000915527344,844.0,BKH,1m
2024-09-17 18:43:00+00:00,61.290000915527344,61.290000915527344,61.290000915527344,61.290000915527344,61.290000915527344,347.0,BKH,1m
2024-09-17 18:44:00+00:00,61.27000045776367,61.27000045776367,61.279998779296875,61.27000045776367,61.279998779296875,1281.0,BKH,1m
2024-09-17 18:45:00+00:00,61.2599983215332,61.2599983215332,61.2599983215332,61.2599983215332,61.2599983215332,472.0,BKH,1m
2024-09-17 18:48:00+00:00,61.22999954223633,61.22999954223633,61.27000045776367,61.22999954223633,61.25,3573.0,BKH,1m
2024-09-17 18:49:00+00:00,61.2599983215332,61.2599983215332,61.2599983215332,61.2599983215332,61.2599983215332,531.0,BKH,1m
2024-09-17 18:51:00+00:00,61.2599983215332,61.2599983215332,61.2599983215332,61.22999954223633,61.22999954223633,1308.0,BKH,1m
2024-09-17 18:52:00+00:00,61.290000915527344,61.290000915527344,61.290000915527344,61.27000045776367,61.27000045776367,1502.0,BKH,1m
2024-09-17 18:53:00+00:00,61.29999923706055,61.29999923706055,61.29999923706055,61.29499816894531,61.29499816894531,382.0,BKH,1m
2024-09-17 18:54:00+00:00,61.33000183105469,61.33000183105469,61.33000183105469,61.31999969482422,61.31999969482422,795.0,BKH,1m
2024-09-17 18:56:00+00:00,61.369998931884766,61.369998931884766,61.369998931884766,61.34000015258789,61.34000015258789,496.0,BKH,1m
2024-09-17 18:57:00+00:00,61.349998474121094,61.349998474121094,61.349998474121094,61.349998474121094,61.349998474121094,302.0,BKH,1m
2024-09-17 18:58:00+00:00,61.349998474121094,61.349998474121094,61.349998474121094,61.349998474121094,61.349998474121094,358.0,BKH,1m
2024-09-17 18:59:00+00:00,61.3650016784668,61.3650016784668,61.3650016784668,61.3650016784668,61.3650016784668,250.0,BKH,1m
2024-09-17 19:00:00+00:00,61.349998474121094,61.349998474121094,61.349998474121094,61.349998474121094,61.349998474121094,693.0,BKH,1m
2024-09-17 19:01:00+00:00,61.34000015258789,61.34000015258789,61.34000015258789,61.34000015258789,61.34000015258789,100.0,BKH,1m
2024-09-17 19:02:00+00:00,61.3650016784668,61.3650016784668,61.3650016784668,61.349998474121094,61.349998474121094,1115.0,BKH,1m
2024-09-17 19:03:00+00:00,61.349998474121094,61.349998474121094,61.36000061035156,61.349998474121094,61.36000061035156,718.0,BKH,1m
2024-09-17 19:04:00+00:00,61.34000015258789,61.34000015258789,61.34000015258789,61.34000015258789,61.34000015258789,100.0,BKH,1m
2024-09-17 19:05:00+00:00,61.33000183105469,61.33000183105469,61.34000015258789,61.33000183105469,61.34000015258789,1022.0,BKH,1m
2024-09-17 19:09:00+00:00,61.290000915527344,61.290000915527344,61.290000915527344,61.290000915527344,61.290000915527344,643.0,BKH,1m
2024-09-17 19:10:00+00:00,61.279998779296875,61.279998779296875,61.279998779296875,61.279998779296875,61.279998779296875,1230.0,BKH,1m
2024-09-17 19:12:00+00:00,61.22999954223633,61.22999954223633,61.27000045776367,61.220001220703125,61.27000045776367,2051.0,BKH,1m
2024-09-17 19:13:00+00:00,61.28499984741211,61.28499984741211,61.28499984741211,61.220001220703125,61.220001220703125,3425.0,BKH,1m
2024-09-17 19:16:00+00:00,61.29499816894531,61.29499816894531,61.29499816894531,61.29499816894531,61.29499816894531,347.0,BKH,1m
2024-09-17 19:18:00+00:00,61.2599983215332,61.2599983215332,61.2599983215332,61.2599983215332,61.2599983215332,169.0,BKH,1m
2024-09-17 19:19:00+00:00,61.230499267578125,61.230499267578125,61.230499267578125,61.230499267578125,61.230499267578125,1364.0,BKH,1m
2024-09-17 19:21:00+00:00,61.25,61.25,61.25,61.23500061035156,61.23500061035156,1646.0,BKH,1m
2024-09-17 19:22:00+00:00,61.220001220703125,61.220001220703125,61.2400016784668,61.220001220703125,61.2400016784668,494.0,BKH,1m
2024-09-17 19:23:00+00:00,61.220001220703125,61.220001220703125,61.220001220703125,61.220001220703125,61.220001220703125,482.0,BKH,1m
2024-09-17 19:24:00+00:00,61.20000076293945,61.20000076293945,61.209999084472656,61.189998626708984,61.209999084472656,1250.0,BKH,1m
2024-09-17 19:25:00+00:00,61.209999084472656,61.209999084472656,61.209999084472656,61.209999084472656,61.209999084472656,652.0,BKH,1m
2024-09-17 19:26:00+00:00,61.209999084472656,61.209999084472656,61.209999084472656,61.209999084472656,61.209999084472656,1455.0,BKH,1m
2024-09-17 19:28:00+00:00,61.20000076293945,61.20000076293945,61.20000076293945,61.20000076293945,61.20000076293945,312.0,BKH,1m
2024-09-17 19:29:00+00:00,61.220001220703125,61.220001220703125,61.220001220703125,61.209999084472656,61.209999084472656,460.0,BKH,1m
2024-09-17 19:30:00+00:00,61.16999816894531,61.16999816894531,61.209999084472656,61.16999816894531,61.209999084472656,1812.0,BKH,1m
2024-09-17 19:33:00+00:00,61.189998626708984,61.189998626708984,61.189998626708984,61.185001373291016,61.185001373291016,485.0,BKH,1m
2024-09-17 19:34:00+00:00,61.16999816894531,61.16999816894531,61.18000030517578,61.16999816894531,61.18000030517578,1092.0,BKH,1m
2024-09-17 19:35:00+00:00,61.150001525878906,61.150001525878906,61.15999984741211,61.150001525878906,61.15999984741211,1253.0,BKH,1m
2024-09-17 19:36:00+00:00,61.119998931884766,61.119998931884766,61.13999938964844,61.119998931884766,61.13999938964844,2042.0,BKH,1m
2024-09-17 19:37:00+00:00,61.119998931884766,61.119998931884766,61.119998931884766,61.119998931884766,61.119998931884766,136.0,BKH,1m
2024-09-17 19:38:00+00:00,61.099998474121094,61.099998474121094,61.12099838256836,61.099998474121094,61.12099838256836,1212.0,BKH,1m
2024-09-17 19:39:00+00:00,61.119998931884766,61.119998931884766,61.119998931884766,61.119998931884766,61.119998931884766,531.0,BKH,1m
2024-09-17 19:40:00+00:00,61.130001068115234,61.130001068115234,61.13999938964844,61.130001068115234,61.130001068115234,2040.0,BKH,1m
2024-09-17 19:41:00+00:00,61.150001525878906,61.150001525878906,61.150001525878906,61.130001068115234,61.130001068115234,1416.0,BKH,1m
2024-09-17 19:42:00+00:00,61.130001068115234,61.130001068115234,61.130001068115234,61.130001068115234,61.130001068115234,428.0,BKH,1m
2024-09-17 19:43:00+00:00,61.119998931884766,61.119998931884766,61.127498626708984,61.119998931884766,61.127498626708984,1175.0,BKH,1m
2024-09-17 19:44:00+00:00,61.09000015258789,61.09000015258789,61.099998474121094,61.09000015258789,61.099998474121094,1463.0,BKH,1m
2024-09-17 19:45:00+00:00,61.08000183105469,61.08000183105469,61.10367965698242,61.08000183105469,61.09000015258789,3649.0,BKH,1m
2024-09-17 19:46:00+00:00,61.11000061035156,61.11000061035156,61.11000061035156,61.09000015258789,61.09000015258789,1225.0,BKH,1m
2024-09-17 19:47:00+00:00,61.119998931884766,61.119998931884766,61.119998931884766,61.119998931884766,61.119998931884766,788.0,BKH,1m
2024-09-17 19:48:00+00:00,61.099998474121094,61.099998474121094,61.11000061035156,61.099998474121094,61.099998474121094,1413.0,BKH,1m
2024-09-17 19:49:00+00:00,61.11000061035156,61.11000061035156,61.11000061035156,61.10499954223633,61.10499954223633,372.0,BKH,1m
2024-09-17 19:50:00+00:00,61.130001068115234,61.130001068115234,61.150001525878906,61.11000061035156,61.11000061035156,4266.0,BKH,1m
2024-09-17 19:51:00+00:00,61.130001068115234,61.130001068115234,61.130001068115234,61.0880012512207,61.099998474121094,2364.0,BKH,1m
2024-09-17 19:52:00+00:00,61.09000015258789,61.09000015258789,61.130001068115234,61.09000015258789,61.130001068115234,1267.0,BKH,1m
2024-09-17 19:53:00+00:00,61.119998931884766,61.119998931884766,61.130001068115234,61.084999084472656,61.084999084472656,2154.0,BKH,1m
2024-09-17 19:54:00+00:00,61.099998474121094,61.099998474121094,61.11000061035156,61.09000015258789,61.09000015258789,2101.0,BKH,1m
2024-09-17 19:55:00+00:00,61.119998931884766,61.119998931884766,61.125,61.09000015258789,61.099998474121094,3818.0,BKH,1m
2024-09-17 19:56:00+00:00,61.130001068115234,61.130001068115234,61.150001525878906,61.125,61.125,3493.0,BKH,1m
2024-09-17 19:57:00+00:00,61.119998931884766,61.119998931884766,61.150001525878906,61.119998931884766,61.1349983215332,4338.0,BKH,1m
2024-09-17 19:58:00+00:00,61.130001068115234,61.130001068115234,61.15999984741211,61.130001068115234,61.130001068115234,6524.0,BKH,1m
2024-09-17 19:59:00+00:00,61.15999984741211,61.15999984741211,61.18000030517578,61.099998474121094,61.130001068115234,13677.0,BKH,1m
2024-09-18 13:30:00+00:00,61.2599983215332,61.2599983215332,61.2599983215332,61.2599983215332,61.2599983215332,1738.0,BKH,1m
2024-09-18 13:32:00+00:00,61.04499816894531,61.04499816894531,61.04499816894531,61.04499816894531,61.04499816894531,176.0,BKH,1m
2024-09-18 13:33:00+00:00,61.04499816894531,61.04499816894531,61.04499816894531,61.04499816894531,61.04499816894531,387.0,BKH,1m
2024-09-18 13:34:00+00:00,61.07500076293945,61.07500076293945,61.12590026855469,61.07500076293945,61.07500076293945,494.0,BKH,1m
2024-09-18 13:35:00+00:00,61.08000183105469,61.08000183105469,61.15999984741211,61.08000183105469,61.15999984741211,416.0,BKH,1m
2024-09-18 13:36:00+00:00,61.099998474121094,61.099998474121094,61.1083984375,61.099998474121094,61.1083984375,476.0,BKH,1m
2024-09-18 13:43:00+00:00,61.3849983215332,61.3849983215332,61.3849983215332,61.220001220703125,61.220001220703125,256.0,BKH,1m
2024-09-18 13:44:00+00:00,61.23939895629883,61.23939895629883,61.23939895629883,61.23939895629883,61.23939895629883,305.0,BKH,1m
2024-09-18 13:45:00+00:00,61.22999954223633,61.22999954223633,61.314998626708984,61.22999954223633,61.314998626708984,230.0,BKH,1m
2024-09-18 13:46:00+00:00,61.279998779296875,61.279998779296875,61.279998779296875,61.204200744628906,61.204200744628906,207.0,BKH,1m
2024-09-18 13:47:00+00:00,61.290000915527344,61.290000915527344,61.290000915527344,61.290000915527344,61.290000915527344,306.0,BKH,1m
2024-09-18 13:52:00+00:00,61.185001373291016,61.185001373291016,61.185001373291016,61.185001373291016,61.185001373291016,143.0,BKH,1m
2024-09-18 13:53:00+00:00,61.18000030517578,61.18000030517578,61.18000030517578,61.18000030517578,61.18000030517578,936.0,BKH,1m
2024-09-18 13:54:00+00:00,61.18000030517578,61.18000030517578,61.189998626708984,61.18000030517578,61.189998626708984,456.0,BKH,1m
2024-09-18 13:56:00+00:00,61.15999984741211,61.15999984741211,61.15999984741211,61.099998474121094,61.099998474121094,615.0,BKH,1m
2024-09-18 13:59:00+00:00,61.08000183105469,61.08000183105469,61.13999938964844,61.08000183105469,61.13999938964844,291.0,BKH,1m
2024-09-18 14:01:00+00:00,61.07500076293945,61.07500076293945,61.07500076293945,61.07500076293945,61.07500076293945,183.0,BKH,1m
2024-09-18 14:03:00+00:00,61.07500076293945,61.07500076293945,61.07500076293945,61.07500076293945,61.07500076293945,300.0,BKH,1m
2024-09-18 14:04:00+00:00,61.07500076293945,61.07500076293945,61.079898834228516,61.07500076293945,61.079898834228516,439.0,BKH,1m
2024-09-18 14:05:00+00:00,61.0099983215332,61.0099983215332,61.0099983215332,61.0099983215332,61.0099983215332,296.0,BKH,1m
2024-09-18 14:11:00+00:00,61.10499954223633,61.10499954223633,61.10499954223633,61.10499954223633,61.10499954223633,131.0,BKH,1m
2024-09-18 14:12:00+00:00,61.125,61.125,61.20000076293945,61.125,61.20000076293945,1675.0,BKH,1m
2024-09-18 14:14:00+00:00,61.099998474121094,61.099998474121094,61.16999816894531,61.099998474121094,61.16999816894531,944.0,BKH,1m
2024-09-18 14:18:00+00:00,61.09000015258789,61.09000015258789,61.09000015258789,61.06999969482422,61.06999969482422,233.0,BKH,1m
2024-09-18 14:19:00+00:00,61.08000183105469,61.08000183105469,61.08000183105469,61.08000183105469,61.08000183105469,361.0,BKH,1m
2024-09-18 14:21:00+00:00,61.099998474121094,61.099998474121094,61.099998474121094,61.099998474121094,61.099998474121094,164.0,BKH,1m
2024-09-18 14:22:00+00:00,61.09000015258789,61.09000015258789,61.09000015258789,61.09000015258789,61.09000015258789,478.0,BKH,1m
2024-09-18 14:26:00+00:00,61.099998474121094,61.099998474121094,61.10499954223633,61.099998474121094,61.10499954223633,636.0,BKH,1m
2024-09-18 14:30:00+00:00,61.077999114990234,61.077999114990234,61.077999114990234,61.077999114990234,61.077999114990234,375.0,BKH,1m
2024-09-18 14:31:00+00:00,61.005001068115234,61.005001068115234,61.005001068115234,61.0,61.0,575.0,BKH,1m
2024-09-18 14:34:00+00:00,61.02000045776367,61.02000045776367,61.02000045776367,61.02000045776367,61.02000045776367,250.0,BKH,1m
2024-09-18 14:35:00+00:00,60.99700164794922,60.99700164794922,60.99700164794922,60.99700164794922,60.99700164794922,284.0,BKH,1m
2024-09-18 14:37:00+00:00,60.959999084472656,60.959999084472656,60.959999084472656,60.959999084472656,60.959999084472656,442.0,BKH,1m
2024-09-18 14:38:00+00:00,60.970001220703125,60.970001220703125,60.970001220703125,60.95000076293945,60.95000076293945,457.0,BKH,1m
2024-09-18 14:39:00+00:00,60.939998626708984,60.939998626708984,60.97999954223633,60.939998626708984,60.97999954223633,1099.0,BKH,1m
2024-09-18 14:40:00+00:00,61.012001037597656,61.012001037597656,61.012001037597656,60.970001220703125,60.970001220703125,628.0,BKH,1m
2024-09-18 14:41:00+00:00,61.040000915527344,61.040000915527344,61.040000915527344,61.040000915527344,61.040000915527344,191.0,BKH,1m
2024-09-18 14:42:00+00:00,61.03499984741211,61.03499984741211,61.03499984741211,61.03499984741211,61.03499984741211,230.0,BKH,1m
2024-09-18 14:44:00+00:00,61.029998779296875,61.029998779296875,61.03499984741211,61.029998779296875,61.03499984741211,336.0,BKH,1m
2024-09-18 14:48:00+00:00,61.01750183105469,61.01750183105469,61.040000915527344,60.9900016784668,61.040000915527344,504.0,BKH,1m
2024-09-18 14:49:00+00:00,61.02000045776367,61.02000045776367,61.02000045776367,61.02000045776367,61.02000045776367,268.0,BKH,1m
2024-09-18 14:50:00+00:00,61.005001068115234,61.005001068115234,61.005001068115234,61.005001068115234,61.005001068115234,205.0,BKH,1m
2024-09-18 14:51:00+00:00,60.994998931884766,60.994998931884766,61.0,60.994998931884766,61.0,412.0,BKH,1m
2024-09-18 14:52:00+00:00,61.029998779296875,61.029998779296875,61.029998779296875,61.02000045776367,61.02000045776367,634.0,BKH,1m
2024-09-18 14:53:00+00:00,61.04499816894531,61.04499816894531,61.04499816894531,61.04499816894531,61.04499816894531,406.0,BKH,1m
2024-09-18 14:55:00+00:00,61.130001068115234,61.130001068115234,61.130001068115234,61.130001068115234,61.130001068115234,454.0,BKH,1m
2024-09-18 14:57:00+00:00,61.029998779296875,61.029998779296875,61.04600143432617,61.0099983215332,61.04600143432617,751.0,BKH,1m
2024-09-18 14:58:00+00:00,61.059600830078125,61.059600830078125,61.059600830078125,61.059600830078125,61.059600830078125,551.0,BKH,1m
2024-09-18 14:59:00+00:00,61.0099983215332,61.0099983215332,61.0099983215332,61.0099983215332,61.0099983215332,258.0,BKH,1m
2024-09-18 15:00:00+00:00,61.03499984741211,61.03499984741211,61.060001373291016,61.03499984741211,61.060001373291016,331.0,BKH,1m
2024-09-18 15:02:00+00:00,61.02000045776367,61.02000045776367,61.02000045776367,61.02000045776367,61.02000045776367,244.0,BKH,1m
2024-09-18 15:03:00+00:00,61.00749969482422,61.00749969482422,61.00749969482422,61.00749969482422,61.00749969482422,147.0,BKH,1m
2024-09-18 15:04:00+00:00,61.09000015258789,61.09000015258789,61.09000015258789,61.06999969482422,61.06999969482422,813.0,BKH,1m
2024-09-18 15:06:00+00:00,61.08000183105469,61.08000183105469,61.08000183105469,61.08000183105469,61.08000183105469,101.0,BKH,1m
2024-09-18 15:07:00+00:00,61.119998931884766,61.119998931884766,61.119998931884766,61.06999969482422,61.06999969482422,627.0,BKH,1m
2024-09-18 15:08:00+00:00,61.1150016784668,61.1150016784668,61.1150016784668,61.1150016784668,61.1150016784668,274.0,BKH,1m
2024-09-18 15:09:00+00:00,61.150001525878906,61.150001525878906,61.150001525878906,61.10499954223633,61.10499954223633,1226.0,BKH,1m
2024-09-18 15:15:00+00:00,61.11000061035156,61.11000061035156,61.11000061035156,61.11000061035156,61.11000061035156,396.0,BKH,1m
2024-09-18 15:19:00+00:00,61.05500030517578,61.05500030517578,61.05500030517578,61.05500030517578,61.05500030517578,502.0,BKH,1m
2024-09-18 15:20:00+00:00,61.04499816894531,61.04499816894531,61.04499816894531,61.0,61.0,869.0,BKH,1m
2024-09-18 15:22:00+00:00,61.05500030517578,61.05500030517578,61.05500030517578,61.05500030517578,61.05500030517578,109.0,BKH,1m
2024-09-18 15:23:00+00:00,61.08000183105469,61.08000183105469,61.08000183105469,61.05500030517578,61.08000183105469,1166.0,BKH,1m
2024-09-18 15:24:00+00:00,61.04999923706055,61.04999923706055,61.04999923706055,61.04999923706055,61.04999923706055,117.0,BKH,1m
2024-09-18 15:26:00+00:00,61.03499984741211,61.03499984741211,61.03499984741211,61.03499984741211,61.03499984741211,260.0,BKH,1m
2024-09-18 15:27:00+00:00,61.03499984741211,61.03499984741211,61.04679870605469,61.03499984741211,61.04679870605469,311.0,BKH,1m
2024-09-18 15:29:00+00:00,61.029998779296875,61.029998779296875,61.029998779296875,61.029998779296875,61.029998779296875,235.0,BKH,1m
2024-09-18 15:30:00+00:00,60.9900016784668,60.9900016784668,61.0,60.9900016784668,61.0,636.0,BKH,1m
2024-09-18 15:31:00+00:00,60.97999954223633,60.97999954223633,60.97999954223633,60.97999954223633,60.97999954223633,102.0,BKH,1m
2024-09-18 15:32:00+00:00,60.97999954223633,60.97999954223633,60.97999954223633,60.97999954223633,60.97999954223633,212.0,BKH,1m
2024-09-18 15:34:00+00:00,60.98500061035156,60.98500061035156,60.98500061035156,60.974998474121094,60.974998474121094,508.0,BKH,1m
2024-09-18 15:39:00+00:00,60.994998931884766,60.994998931884766,61.02000045776367,60.994998931884766,61.0099983215332,590.0,BKH,1m
2024-09-18 15:40:00+00:00,60.994998931884766,60.994998931884766,60.994998931884766,60.994998931884766,60.994998931884766,107.0,BKH,1m
2024-09-18 15:41:00+00:00,60.97999954223633,60.97999954223633,60.97999954223633,60.97999954223633,60.97999954223633,165.0,BKH,1m
2024-09-18 15:43:00+00:00,60.994998931884766,60.994998931884766,61.019901275634766,60.98500061035156,61.0099983215332,1093.0,BKH,1m
2024-09-18 15:44:00+00:00,60.994998931884766,60.994998931884766,61.0,60.994998931884766,61.0,975.0,BKH,1m
2024-09-18 15:45:00+00:00,60.9900016784668,60.9900016784668,60.9900016784668,60.9900016784668,60.9900016784668,336.0,BKH,1m
2024-09-18 15:46:00+00:00,60.970001220703125,60.970001220703125,60.9900016784668,60.970001220703125,60.9900016784668,1281.0,BKH,1m
2024-09-18 15:47:00+00:00,60.959999084472656,60.959999084472656,60.98500061035156,60.959999084472656,60.98500061035156,552.0,BKH,1m
2024-09-18 15:48:00+00:00,60.974998474121094,60.974998474121094,60.974998474121094,60.974998474121094,60.974998474121094,147.0,BKH,1m
2024-09-18 15:50:00+00:00,60.9900016784668,60.9900016784668,61.02000045776367,60.9900016784668,61.0,1629.0,BKH,1m
2024-09-18 15:51:00+00:00,61.07500076293945,61.07500076293945,61.07500076293945,61.02000045776367,61.02000045776367,2440.0,BKH,1m
2024-09-18 15:52:00+00:00,61.060001373291016,61.060001373291016,61.060001373291016,61.060001373291016,61.060001373291016,136.0,BKH,1m
2024-09-18 15:53:00+00:00,61.08000183105469,61.08000183105469,61.08000183105469,61.08000183105469,61.08000183105469,134.0,BKH,1m
2024-09-18 15:56:00+00:00,61.099998474121094,61.099998474121094,61.099998474121094,61.09000015258789,61.09000015258789,317.0,BKH,1m
2024-09-18 15:58:00+00:00,61.08000183105469,61.08000183105469,61.08000183105469,61.08000183105469,61.08000183105469,179.0,BKH,1m
2024-09-18 15:59:00+00:00,61.04999923706055,61.04999923706055,61.04999923706055,61.04999923706055,61.04999923706055,483.0,BKH,1m
2024-09-18 16:01:00+00:00,61.079898834228516,61.079898834228516,61.079898834228516,61.040000915527344,61.04999923706055,1614.0,BKH,1m
2024-09-18 16:02:00+00:00,61.02000045776367,61.02000045776367,61.040000915527344,61.02000045776367,61.040000915527344,734.0,BKH,1m
2024-09-18 16:06:00+00:00,60.974998474121094,60.974998474121094,60.974998474121094,60.974998474121094,60.974998474121094,117.0,BKH,1m
2024-09-18 16:07:00+00:00,60.95000076293945,60.95000076293945,60.95000076293945,60.95000076293945,60.95000076293945,250.0,BKH,1m
2024-09-18 16:12:00+00:00,60.939998626708984,60.939998626708984,60.939998626708984,60.93000030517578,60.939998626708984,642.0,BKH,1m
2024-09-18 16:14:00+00:00,60.939998626708984,60.939998626708984,60.939998626708984,60.915000915527344,60.92290115356445,1861.0,BKH,1m
2024-09-18 16:16:00+00:00,60.939998626708984,60.939998626708984,60.939998626708984,60.939998626708984,60.939998626708984,308.0,BKH,1m
2024-09-18 16:17:00+00:00,60.939998626708984,60.939998626708984,60.939998626708984,60.939998626708984,60.939998626708984,159.0,BKH,1m
2024-09-18 16:18:00+00:00,60.93000030517578,60.93000030517578,60.93000030517578,60.93000030517578,60.93000030517578,270.0,BKH,1m
2024-09-18 16:19:00+00:00,60.970001220703125,60.970001220703125,60.970001220703125,60.970001220703125,60.970001220703125,227.0,BKH,1m
2024-09-18 16:20:00+00:00,60.967498779296875,60.967498779296875,60.967498779296875,60.967498779296875,60.967498779296875,141.0,BKH,1m
2024-09-18 16:22:00+00:00,60.96699905395508,60.96699905395508,60.96699905395508,60.96699905395508,60.96699905395508,633.0,BKH,1m
2024-09-18 16:26:00+00:00,60.970001220703125,60.970001220703125,60.970001220703125,60.970001220703125,60.970001220703125,861.0,BKH,1m
2024-09-18 16:27:00+00:00,60.95000076293945,60.95000076293945,60.95000076293945,60.95000076293945,60.95000076293945,520.0,BKH,1m
2024-09-18 16:32:00+00:00,60.974998474121094,60.974998474121094,60.974998474121094,60.974998474121094,60.974998474121094,400.0,BKH,1m
2024-09-18 16:33:00+00:00,60.970001220703125,60.970001220703125,60.97999954223633,60.970001220703125,60.97999954223633,322.0,BKH,1m
2024-09-18 16:34:00+00:00,60.970001220703125,60.970001220703125,60.970001220703125,60.970001220703125,60.970001220703125,153.0,BKH,1m
2024-09-18 16:35:00+00:00,60.9900016784668,60.9900016784668,60.9900016784668,60.970001220703125,60.970001220703125,597.0,BKH,1m
2024-09-18 16:38:00+00:00,60.974998474121094,60.974998474121094,60.974998474121094,60.974998474121094,60.974998474121094,109.0,BKH,1m
2024-09-18 16:39:00+00:00,60.939998626708984,60.939998626708984,60.959999084472656,60.939998626708984,60.959999084472656,929.0,BKH,1m
2024-09-18 16:42:00+00:00,60.939998626708984,60.939998626708984,60.939998626708984,60.939998626708984,60.939998626708984,179.0,BKH,1m
2024-09-18 16:44:00+00:00,60.935001373291016,60.935001373291016,60.935001373291016,60.935001373291016,60.935001373291016,744.0,BKH,1m
2024-09-18 16:53:00+00:00,60.92499923706055,60.92499923706055,60.92499923706055,60.92499923706055,60.92499923706055,433.0,BKH,1m
2024-09-18 16:57:00+00:00,60.915000915527344,60.915000915527344,60.91999816894531,60.915000915527344,60.91999816894531,740.0,BKH,1m
2024-09-18 16:58:00+00:00,60.90999984741211,60.90999984741211,60.90999984741211,60.90999984741211,60.90999984741211,101.0,BKH,1m
2024-09-18 16:59:00+00:00,60.93000030517578,60.93000030517578,60.93000030517578,60.93000030517578,60.93000030517578,613.0,BKH,1m
2024-09-18 17:00:00+00:00,60.90999984741211,60.90999984741211,60.90999984741211,60.90999984741211,60.90999984741211,234.0,BKH,1m
2024-09-18 17:02:00+00:00,60.939998626708984,60.939998626708984,60.94499969482422,60.93000030517578,60.93000030517578,1313.0,BKH,1m
2024-09-18 17:12:00+00:00,60.96500015258789,60.96500015258789,60.970001220703125,60.96500015258789,60.970001220703125,1120.0,BKH,1m
2024-09-18 17:18:00+00:00,60.994998931884766,60.994998931884766,61.0,60.994998931884766,61.0,701.0,BKH,1m
2024-09-18 17:20:00+00:00,60.970001220703125,60.970001220703125,60.970001220703125,60.970001220703125,60.970001220703125,239.0,BKH,1m
2024-09-18 17:21:00+00:00,60.94430160522461,60.94430160522461,60.959999084472656,60.94430160522461,60.959999084472656,1062.0,BKH,1m
2024-09-18 17:23:00+00:00,60.900001525878906,60.900001525878906,60.900001525878906,60.900001525878906,60.900001525878906,253.0,BKH,1m
2024-09-18 17:25:00+00:00,60.959999084472656,60.959999084472656,60.959999084472656,60.900001525878906,60.900001525878906,2206.0,BKH,1m
2024-09-18 17:34:00+00:00,61.02000045776367,61.02000045776367,61.02000045776367,61.02000045776367,61.02000045776367,435.0,BKH,1m
2024-09-18 17:36:00+00:00,61.04999923706055,61.04999923706055,61.04999923706055,61.04999923706055,61.04999923706055,295.0,BKH,1m
2024-09-18 17:37:00+00:00,60.9900016784668,60.9900016784668,61.0,60.9900016784668,61.0,712.0,BKH,1m
2024-09-18 17:39:00+00:00,60.99399948120117,60.99399948120117,61.01499938964844,60.99399948120117,60.996498107910156,2388.0,BKH,1m
2024-09-18 17:40:00+00:00,60.97999954223633,60.97999954223633,60.97999954223633,60.97999954223633,60.97999954223633,267.0,BKH,1m
2024-09-18 17:42:00+00:00,60.974998474121094,60.974998474121094,60.974998474121094,60.974998474121094,60.974998474121094,308.0,BKH,1m
2024-09-18 17:44:00+00:00,61.03499984741211,61.03499984741211,61.03499984741211,61.0099983215332,61.0099983215332,3737.0,BKH,1m
2024-09-18 17:45:00+00:00,61.04999923706055,61.04999923706055,61.04999923706055,61.04999923706055,61.04999923706055,378.0,BKH,1m
2024-09-18 17:48:00+00:00,61.00149917602539,61.00149917602539,61.00149917602539,61.00149917602539,61.00149917602539,551.0,BKH,1m
2024-09-18 17:49:00+00:00,61.02000045776367,61.02000045776367,61.02000045776367,61.02000045776367,61.02000045776367,122.0,BKH,1m
2024-09-18 17:50:00+00:00,61.029998779296875,61.029998779296875,61.029998779296875,61.029998779296875,61.029998779296875,247.0,BKH,1m
2024-09-18 17:51:00+00:00,61.040000915527344,61.040000915527344,61.040000915527344,61.02000045776367,61.02000045776367,1228.0,BKH,1m
2024-09-18 17:55:00+00:00,60.97999954223633,60.97999954223633,60.97999954223633,60.97999954223633,60.97999954223633,128.0,BKH,1m
2024-09-18 17:56:00+00:00,60.95000076293945,60.95000076293945,60.95000076293945,60.95000076293945,60.95000076293945,290.0,BKH,1m
2024-09-18 17:57:00+00:00,60.97999954223633,60.97999954223633,60.97999954223633,60.939998626708984,60.939998626708984,945.0,BKH,1m
2024-09-18 18:00:00+00:00,61.40999984741211,61.40999984741211,61.40999984741211,60.970001220703125,60.970001220703125,3779.0,BKH,1m
2024-09-18 18:01:00+00:00,61.61000061035156,61.61000061035156,61.61000061035156,61.61000061035156,61.61000061035156,321.0,BKH,1m
2024-09-18 18:02:00+00:00,61.505001068115234,61.505001068115234,61.67499923706055,61.43000030517578,61.560001373291016,6683.0,BKH,1m
2024-09-18 18:03:00+00:00,61.4900016784668,61.4900016784668,61.529998779296875,61.439998626708984,61.529998779296875,1054.0,BKH,1m
2024-09-18 18:04:00+00:00,61.5,61.5,61.5,61.439998626708984,61.439998626708984,310.0,BKH,1m
2024-09-18 18:05:00+00:00,61.435001373291016,61.435001373291016,61.439998626708984,61.435001373291016,61.439998626708984,426.0,BKH,1m
2024-09-18 18:07:00+00:00,61.474998474121094,61.474998474121094,61.474998474121094,61.380001068115234,61.400001525878906,1636.0,BKH,1m
2024-09-18 18:10:00+00:00,61.36000061035156,61.36000061035156,61.36000061035156,61.290000915527344,61.290000915527344,1421.0,BKH,1m
2024-09-18 18:11:00+00:00,61.20000076293945,61.20000076293945,61.22999954223633,61.20000076293945,61.22999954223633,919.0,BKH,1m
2024-09-18 18:12:00+00:00,61.220001220703125,61.220001220703125,61.27000045776367,61.16999816894531,61.23500061035156,1677.0,BKH,1m
2024-09-18 18:13:00+00:00,61.2599983215332,61.2599983215332,61.290000915527344,61.2599983215332,61.290000915527344,986.0,BKH,1m
2024-09-18 18:14:00+00:00,61.310001373291016,61.310001373291016,61.34000015258789,61.2599983215332,61.2599983215332,1129.0,BKH,1m
2024-09-18 18:15:00+00:00,61.25,61.25,61.349998474121094,61.25,61.349998474121094,1617.0,BKH,1m
2024-09-18 18:16:00+00:00,61.43000030517578,61.43000030517578,61.43000030517578,61.34000015258789,61.34000015258789,1133.0,BKH,1m
2024-09-18 18:17:00+00:00,61.459999084472656,61.459999084472656,61.459999084472656,61.43000030517578,61.43000030517578,1440.0,BKH,1m
2024-09-18 18:18:00+00:00,61.435001373291016,61.435001373291016,61.435001373291016,61.400001525878906,61.400001525878906,659.0,BKH,1m
2024-09-18 18:19:00+00:00,61.52000045776367,61.52000045776367,61.54999923706055,61.5099983215332,61.5099983215332,1405.0,BKH,1m
2024-09-18 18:20:00+00:00,61.439998626708984,61.439998626708984,61.45000076293945,61.439998626708984,61.439998626708984,678.0,BKH,1m
2024-09-18 18:21:00+00:00,61.415000915527344,61.415000915527344,61.439998626708984,61.415000915527344,61.439998626708984,370.0,BKH,1m
2024-09-18 18:22:00+00:00,61.36000061035156,61.36000061035156,61.369998931884766,61.36000061035156,61.369998931884766,1110.0,BKH,1m
2024-09-18 18:24:00+00:00,61.43000030517578,61.43000030517578,61.43000030517578,61.349998474121094,61.400001525878906,3225.0,BKH,1m
2024-09-18 18:25:00+00:00,61.45000076293945,61.45000076293945,61.45000076293945,61.45000076293945,61.45000076293945,109.0,BKH,1m
2024-09-18 18:26:00+00:00,61.36000061035156,61.36000061035156,61.380001068115234,61.36000061035156,61.380001068115234,1608.0,BKH,1m
2024-09-18 18:28:00+00:00,61.400001525878906,61.400001525878906,61.400001525878906,61.400001525878906,61.400001525878906,227.0,BKH,1m
2024-09-18 18:29:00+00:00,61.375,61.375,61.375,61.375,61.375,275.0,BKH,1m
2024-09-18 18:31:00+00:00,61.31999969482422,61.31999969482422,61.369998931884766,61.31999969482422,61.369998931884766,1019.0,BKH,1m
2024-09-18 18:32:00+00:00,61.42499923706055,61.42499923706055,61.42499923706055,61.380001068115234,61.380001068115234,961.0,BKH,1m
2024-09-18 18:33:00+00:00,61.39609909057617,61.39609909057617,61.41999816894531,61.39609909057617,61.41999816894531,963.0,BKH,1m
2024-09-18 18:34:00+00:00,61.35499954223633,61.35499954223633,61.380001068115234,61.35499954223633,61.380001068115234,355.0,BKH,1m
2024-09-18 18:35:00+00:00,61.2599983215332,61.2599983215332,61.36000061035156,61.2599983215332,61.36000061035156,1159.0,BKH,1m
2024-09-18 18:36:00+00:00,61.34000015258789,61.34000015258789,61.34000015258789,61.34000015258789,61.34000015258789,1201.0,BKH,1m
2024-09-18 18:38:00+00:00,61.47999954223633,61.47999954223633,61.47999954223633,61.439998626708984,61.439998626708984,1213.0,BKH,1m
2024-09-18 18:40:00+00:00,61.52000045776367,61.52000045776367,61.52000045776367,61.41999816894531,61.41999816894531,572.0,BKH,1m
2024-09-18 18:41:00+00:00,61.349998474121094,61.349998474121094,61.43000030517578,61.31999969482422,61.400001525878906,1317.0,BKH,1m
2024-09-18 18:42:00+00:00,61.349998474121094,61.349998474121094,61.369998931884766,61.349998474121094,61.369998931884766,773.0,BKH,1m
2024-09-18 18:43:00+00:00,61.16999816894531,61.16999816894531,61.25,61.16999816894531,61.25,1079.0,BKH,1m
2024-09-18 18:44:00+00:00,61.119998931884766,61.119998931884766,61.119998931884766,61.119998931884766,61.119998931884766,611.0,BKH,1m
2024-09-18 18:45:00+00:00,61.209999084472656,61.209999084472656,61.209999084472656,61.06999969482422,61.06999969482422,1158.0,BKH,1m
2024-09-18 18:46:00+00:00,61.380001068115234,61.380001068115234,61.380001068115234,61.189998626708984,61.2400016784668,2007.0,BKH,1m
2024-09-18 18:47:00+00:00,61.290000915527344,61.290000915527344,61.40999984741211,61.290000915527344,61.38999938964844,1344.0,BKH,1m
2024-09-18 18:48:00+00:00,61.38999938964844,61.38999938964844,61.38999938964844,61.36000061035156,61.36000061035156,398.0,BKH,1m
2024-09-18 18:49:00+00:00,61.429901123046875,61.429901123046875,61.429901123046875,61.3650016784668,61.3650016784668,528.0,BKH,1m
2024-09-18 18:50:00+00:00,61.34000015258789,61.34000015258789,61.34000015258789,61.34000015258789,61.34000015258789,425.0,BKH,1m
2024-09-18 18:51:00+00:00,61.40999984741211,61.40999984741211,61.40999984741211,61.32500076293945,61.32500076293945,1279.0,BKH,1m
2024-09-18 18:52:00+00:00,61.529998779296875,61.529998779296875,61.529998779296875,61.40999984741211,61.41999816894531,1573.0,BKH,1m
2024-09-18 18:54:00+00:00,61.45500183105469,61.45500183105469,61.45500183105469,61.45500183105469,61.45500183105469,208.0,BKH,1m
2024-09-18 18:55:00+00:00,61.47999954223633,61.47999954223633,61.47999954223633,61.470001220703125,61.470001220703125,501.0,BKH,1m
2024-09-18 18:56:00+00:00,61.459999084472656,61.459999084472656,61.47999954223633,61.459999084472656,61.47999954223633,260.0,BKH,1m
2024-09-18 18:57:00+00:00,61.5,61.5,61.5,61.5,61.5,269.0,BKH,1m
2024-09-18 18:58:00+00:00,61.36000061035156,61.36000061035156,61.459999084472656,61.36000061035156,61.459999084472656,1503.0,BKH,1m
2024-09-18 18:59:00+00:00,61.349998474121094,61.349998474121094,61.349998474121094,61.349998474121094,61.349998474121094,678.0,BKH,1m
2024-09-18 19:02:00+00:00,61.279998779296875,61.279998779296875,61.279998779296875,61.22999954223633,61.2400016784668,952.0,BKH,1m
2024-09-18 19:03:00+00:00,61.281898498535156,61.281898498535156,61.30500030517578,61.281898498535156,61.30500030517578,308.0,BKH,1m
2024-09-18 19:04:00+00:00,61.28499984741211,61.28499984741211,61.290000915527344,61.28499984741211,61.290000915527344,1021.0,BKH,1m
2024-09-18 19:06:00+00:00,61.290000915527344,61.290000915527344,61.290000915527344,61.290000915527344,61.290000915527344,576.0,BKH,1m
2024-09-18 19:07:00+00:00,61.25,61.25,61.29999923706055,61.25,61.29999923706055,1190.0,BKH,1m
2024-09-18 19:08:00+00:00,61.310001373291016,61.310001373291016,61.310001373291016,61.290000915527344,61.29999923706055,894.0,BKH,1m
2024-09-18 19:10:00+00:00,61.34000015258789,61.34000015258789,61.349998474121094,61.34000015258789,61.34000015258789,642.0,BKH,1m
2024-09-18 19:11:00+00:00,61.36000061035156,61.36000061035156,61.380001068115234,61.290000915527344,61.290000915527344,1610.0,BKH,1m
2024-09-18 19:12:00+00:00,61.40999984741211,61.40999984741211,61.45000076293945,61.334999084472656,61.334999084472656,1753.0,BKH,1m
2024-09-18 19:13:00+00:00,61.41999816894531,61.41999816894531,61.42499923706055,61.41999816894531,61.42499923706055,360.0,BKH,1m
2024-09-18 19:14:00+00:00,61.43000030517578,61.43000030517578,61.43000030517578,61.43000030517578,61.43000030517578,439.0,BKH,1m
2024-09-18 19:15:00+00:00,61.45000076293945,61.45000076293945,61.45000076293945,61.45000076293945,61.45000076293945,702.0,BKH,1m
2024-09-18 19:17:00+00:00,61.404998779296875,61.404998779296875,61.404998779296875,61.404998779296875,61.404998779296875,151.0,BKH,1m
2024-09-18 19:18:00+00:00,61.380001068115234,61.380001068115234,61.38999938964844,61.380001068115234,61.38999938964844,842.0,BKH,1m
2024-09-18 19:19:00+00:00,61.369998931884766,61.369998931884766,61.369998931884766,61.36000061035156,61.36000061035156,270.0,BKH,1m
2024-09-18 19:20:00+00:00,61.310001373291016,61.310001373291016,61.375,61.310001373291016,61.375,1028.0,BKH,1m
2024-09-18 19:21:00+00:00,61.290000915527344,61.290000915527344,61.290000915527344,61.11000061035156,61.27399826049805,5578.0,BKH,1m
2024-09-18 19:22:00+00:00,61.25,61.25,61.31999969482422,61.22999954223633,61.31999969482422,1484.0,BKH,1m
2024-09-18 19:23:00+00:00,61.224998474121094,61.224998474121094,61.2599983215332,61.185001373291016,61.220001220703125,1038.0,BKH,1m
2024-09-18 19:24:00+00:00,61.290000915527344,61.290000915527344,61.290000915527344,61.27000045776367,61.27000045776367,448.0,BKH,1m
2024-09-18 19:25:00+00:00,61.31999969482422,61.31999969482422,61.31999969482422,61.2599983215332,61.2599983215332,700.0,BKH,1m
2024-09-18 19:26:00+00:00,61.32749938964844,61.32749938964844,61.40999984741211,61.32749938964844,61.34000015258789,2554.0,BKH,1m
2024-09-18 19:27:00+00:00,61.439998626708984,61.439998626708984,61.439998626708984,61.369998931884766,61.369998931884766,1240.0,BKH,1m
2024-09-18 19:28:00+00:00,61.35499954223633,61.35499954223633,61.459999084472656,61.349998474121094,61.439998626708984,2690.0,BKH,1m
2024-09-18 19:30:00+00:00,61.30500030517578,61.30500030517578,61.30500030517578,61.29999923706055,61.29999923706055,731.0,BKH,1m
2024-09-18 19:31:00+00:00,61.27000045776367,61.27000045776367,61.30500030517578,61.2599983215332,61.2599983215332,757.0,BKH,1m
2024-09-18 19:32:00+00:00,61.220001220703125,61.220001220703125,61.239898681640625,61.150001525878906,61.20000076293945,2157.0,BKH,1m
2024-09-18 19:33:00+00:00,61.13999938964844,61.13999938964844,61.19499969482422,61.119998931884766,61.19499969482422,1677.0,BKH,1m
2024-09-18 19:34:00+00:00,61.095001220703125,61.095001220703125,61.119998931884766,61.095001220703125,61.119998931884766,218.0,BKH,1m
2024-09-18 19:35:00+00:00,61.04999923706055,61.04999923706055,61.04999923706055,61.02069854736328,61.040000915527344,1594.0,BKH,1m
2024-09-18 19:36:00+00:00,61.0,61.0,61.025001525878906,61.0,61.025001525878906,737.0,BKH,1m
2024-09-18 19:38:00+00:00,61.084999084472656,61.084999084472656,61.099998474121094,60.9900016784668,61.029998779296875,4511.0,BKH,1m
2024-09-18 19:39:00+00:00,61.0093994140625,61.0093994140625,61.0093994140625,61.0,61.0,1235.0,BKH,1m
2024-09-18 19:40:00+00:00,60.97999954223633,60.97999954223633,61.029998779296875,60.97999954223633,61.029998779296875,1435.0,BKH,1m
2024-09-18 19:41:00+00:00,61.0099983215332,61.0099983215332,61.025001525878906,60.98500061035156,60.98500061035156,1964.0,BKH,1m
2024-09-18 19:42:00+00:00,60.974998474121094,60.974998474121094,61.0,60.974998474121094,60.974998474121094,634.0,BKH,1m
2024-09-18 19:43:00+00:00,61.0099983215332,61.0099983215332,61.0099983215332,60.95000076293945,60.95000076293945,1953.0,BKH,1m
2024-09-18 19:44:00+00:00,60.92499923706055,60.92499923706055,60.92499923706055,60.900001525878906,60.91999816894531,1826.0,BKH,1m
2024-09-18 19:45:00+00:00,60.91999816894531,60.91999816894531,60.91999816894531,60.900001525878906,60.900001525878906,1389.0,BKH,1m
2024-09-18 19:46:00+00:00,60.849998474121094,60.849998474121094,60.869998931884766,60.849998474121094,60.869998931884766,886.0,BKH,1m
2024-09-18 19:47:00+00:00,60.869998931884766,60.869998931884766,60.869998931884766,60.814998626708984,60.814998626708984,2145.0,BKH,1m
2024-09-18 19:48:00+00:00,60.834999084472656,60.834999084472656,60.86000061035156,60.834999084472656,60.86000061035156,857.0,BKH,1m
2024-09-18 19:49:00+00:00,60.79999923706055,60.79999923706055,60.82500076293945,60.79999923706055,60.82500076293945,992.0,BKH,1m
2024-09-18 19:50:00+00:00,60.86750030517578,60.86750030517578,60.880001068115234,60.79499816894531,60.79499816894531,4194.0,BKH,1m
2024-09-18 19:51:00+00:00,60.90999984741211,60.90999984741211,60.90999984741211,60.849998474121094,60.849998474121094,2131.0,BKH,1m
2024-09-18 19:52:00+00:00,60.88999938964844,60.88999938964844,60.88999938964844,60.84000015258789,60.86000061035156,2119.0,BKH,1m
2024-09-18 19:53:00+00:00,60.900001525878906,60.900001525878906,60.91999816894531,60.880001068115234,60.880001068115234,3280.0,BKH,1m
2024-09-18 19:54:00+00:00,60.869998931884766,60.869998931884766,60.91999816894531,60.869998931884766,60.900001525878906,4243.0,BKH,1m
2024-09-18 19:55:00+00:00,60.959999084472656,60.959999084472656,60.970001220703125,60.91999816894531,60.91999816894531,3171.0,BKH,1m
2024-09-18 19:56:00+00:00,60.970001220703125,60.970001220703125,60.970001220703125,60.91999816894531,60.95000076293945,3052.0,BKH,1m
2024-09-18 19:57:00+00:00,60.91999816894531,60.91999816894531,60.970001220703125,60.91999816894531,60.959999084472656,2736.0,BKH,1m
2024-09-18 19:58:00+00:00,60.875,60.875,60.95500183105469,60.875,60.93000030517578,6396.0,BKH,1m
2024-09-18 19:59:00+00:00,60.869998931884766,60.869998931884766,60.88999938964844,60.84000015258789,60.875,16001.0,BKH,1m
