datetime,adj close,close,high,low,open,volume,symbol,interval
2024-09-12 13:30:00+00:00,10.020000457763672,10.020000457763672,10.100000381469727,10.010000228881836,10.100000381469727,77261.0,CORZ,1m
2024-09-12 13:31:00+00:00,9.970000267028809,9.970000267028809,10.020000457763672,9.970000267028809,10.020000457763672,29884.0,CORZ,1m
2024-09-12 13:32:00+00:00,10.010000228881836,10.010000228881836,10.010000228881836,9.960000038146973,9.960000038146973,25994.0,CORZ,1m
2024-09-12 13:33:00+00:00,9.979999542236328,9.979999542236328,10.000100135803223,9.979999542236328,10.0,14266.0,CORZ,1m
2024-09-12 13:34:00+00:00,9.960000038146973,9.960000038146973,9.970000267028809,9.920000076293945,9.960000038146973,12892.0,CORZ,1m
2024-09-12 13:35:00+00:00,10.010000228881836,10.010000228881836,10.029999732971191,9.925000190734863,9.951399803161621,55163.0,CORZ,1m
2024-09-12 13:36:00+00:00,10.029999732971191,10.029999732971191,10.050000190734863,10.005000114440918,10.005000114440918,37026.0,CORZ,1m
2024-09-12 13:37:00+00:00,10.055000305175781,10.055000305175781,10.0649995803833,10.010000228881836,10.029999732971191,31796.0,CORZ,1m
2024-09-12 13:38:00+00:00,10.069999694824219,10.069999694824219,10.100000381469727,10.050700187683105,10.050700187683105,33245.0,CORZ,1m
2024-09-12 13:39:00+00:00,10.029999732971191,10.029999732971191,10.069999694824219,10.029999732971191,10.069999694824219,13378.0,CORZ,1m
2024-09-12 13:40:00+00:00,10.106499671936035,10.106499671936035,10.109999656677246,10.03499984741211,10.03499984741211,37653.0,CORZ,1m
2024-09-12 13:41:00+00:00,10.050100326538086,10.050100326538086,10.090100288391113,10.050000190734863,10.079999923706055,22176.0,CORZ,1m
2024-09-12 13:42:00+00:00,10.069999694824219,10.069999694824219,10.09000015258789,10.050000190734863,10.050000190734863,13380.0,CORZ,1m
2024-09-12 13:43:00+00:00,10.0600004196167,10.0600004196167,10.069600105285645,10.029999732971191,10.0600004196167,17293.0,CORZ,1m
2024-09-12 13:44:00+00:00,10.074999809265137,10.074999809265137,10.100000381469727,10.069999694824219,10.069999694824219,12709.0,CORZ,1m
2024-09-12 13:45:00+00:00,10.100000381469727,10.100000381469727,10.132100105285645,10.0600004196167,10.069999694824219,15797.0,CORZ,1m
2024-09-12 13:46:00+00:00,10.031000137329102,10.031000137329102,10.100000381469727,10.0,10.100000381469727,37126.0,CORZ,1m
2024-09-12 13:48:00+00:00,9.960000038146973,9.960000038146973,10.010000228881836,9.960000038146973,10.010000228881836,65271.0,CORZ,1m
2024-09-12 13:49:00+00:00,9.899999618530273,9.899999618530273,9.979900360107422,9.864100456237793,9.970000267028809,109947.0,CORZ,1m
2024-09-12 13:50:00+00:00,9.829999923706055,9.829999923706055,9.899800300598145,9.710000038146973,9.899800300598145,236292.0,CORZ,1m
2024-09-12 13:51:00+00:00,9.84000015258789,9.84000015258789,9.883099555969238,9.795000076293945,9.819999694824219,77423.0,CORZ,1m
2024-09-12 13:52:00+00:00,9.864999771118164,9.864999771118164,9.869999885559082,9.789999961853027,9.850000381469727,20556.0,CORZ,1m
2024-09-12 13:53:00+00:00,9.90999984741211,9.90999984741211,9.920000076293945,9.859999656677246,9.869999885559082,24545.0,CORZ,1m
2024-09-12 13:54:00+00:00,9.949999809265137,9.949999809265137,9.949999809265137,9.904999732971191,9.904999732971191,25272.0,CORZ,1m
2024-09-12 13:55:00+00:00,9.890000343322754,9.890000343322754,9.949999809265137,9.890000343322754,9.949999809265137,15927.0,CORZ,1m
2024-09-12 13:56:00+00:00,9.895000457763672,9.895000457763672,9.895000457763672,9.880000114440918,9.890000343322754,43340.0,CORZ,1m
2024-09-12 13:57:00+00:00,9.880000114440918,9.880000114440918,9.8927001953125,9.880000114440918,9.8927001953125,17000.0,CORZ,1m
2024-09-12 13:58:00+00:00,9.850000381469727,9.850000381469727,9.889900207519531,9.850000381469727,9.880000114440918,19604.0,CORZ,1m
2024-09-12 13:59:00+00:00,9.904999732971191,9.904999732971191,9.90999984741211,9.850000381469727,9.850000381469727,21642.0,CORZ,1m
2024-09-12 14:00:00+00:00,9.90999984741211,9.90999984741211,9.930000305175781,9.875,9.920000076293945,24288.0,CORZ,1m
2024-09-12 14:01:00+00:00,9.904999732971191,9.904999732971191,9.920000076293945,9.899999618530273,9.90999984741211,14468.0,CORZ,1m
2024-09-12 14:02:00+00:00,9.885000228881836,9.885000228881836,9.920000076293945,9.885000228881836,9.90999984741211,13447.0,CORZ,1m
2024-09-12 14:03:00+00:00,9.925000190734863,9.925000190734863,9.925000190734863,9.875,9.880000114440918,24000.0,CORZ,1m
2024-09-12 14:04:00+00:00,9.890000343322754,9.890000343322754,9.925000190734863,9.890000343322754,9.925000190734863,8867.0,CORZ,1m
2024-09-12 14:05:00+00:00,9.904999732971191,9.904999732971191,9.904999732971191,9.885000228881836,9.889800071716309,9013.0,CORZ,1m
2024-09-12 14:06:00+00:00,9.920100212097168,9.920100212097168,9.949899673461914,9.920000076293945,9.949899673461914,25948.0,CORZ,1m
2024-09-12 14:07:00+00:00,9.885000228881836,9.885000228881836,9.925000190734863,9.875,9.920000076293945,16075.0,CORZ,1m
2024-09-12 14:08:00+00:00,9.904999732971191,9.904999732971191,9.904999732971191,9.859999656677246,9.869999885559082,16273.0,CORZ,1m
2024-09-12 14:09:00+00:00,9.989999771118164,9.989999771118164,9.989999771118164,9.904999732971191,9.904999732971191,11305.0,CORZ,1m
2024-09-12 14:10:00+00:00,9.979999542236328,9.979999542236328,10.0,9.96500015258789,9.994999885559082,21559.0,CORZ,1m
2024-09-12 14:11:00+00:00,10.020000457763672,10.020000457763672,10.020000457763672,9.994999885559082,9.994999885559082,65238.0,CORZ,1m
2024-09-12 14:12:00+00:00,10.020000457763672,10.020000457763672,10.045000076293945,10.015000343322754,10.016200065612793,23208.0,CORZ,1m
2024-09-12 14:13:00+00:00,10.099699974060059,10.099699974060059,10.099699974060059,10.015000343322754,10.020000457763672,16430.0,CORZ,1m
2024-09-12 14:14:00+00:00,10.114999771118164,10.114999771118164,10.130000114440918,10.069999694824219,10.095000267028809,21151.0,CORZ,1m
2024-09-12 14:15:00+00:00,10.09000015258789,10.09000015258789,10.109999656677246,10.069999694824219,10.109999656677246,20707.0,CORZ,1m
2024-09-12 14:16:00+00:00,10.109999656677246,10.109999656677246,10.114999771118164,10.085000038146973,10.086400032043457,15223.0,CORZ,1m
2024-09-12 14:17:00+00:00,10.149999618530273,10.149999618530273,10.157999992370605,10.104999542236328,10.104999542236328,21744.0,CORZ,1m
2024-09-12 14:18:00+00:00,10.180000305175781,10.180000305175781,10.180000305175781,10.15999984741211,10.15999984741211,29156.0,CORZ,1m
2024-09-12 14:19:00+00:00,10.219900131225586,10.219900131225586,10.220000267028809,10.180000305175781,10.180000305175781,69794.0,CORZ,1m
2024-09-12 14:20:00+00:00,10.1899995803833,10.1899995803833,10.229999542236328,10.170000076293945,10.210000038146973,70936.0,CORZ,1m
2024-09-12 14:21:00+00:00,10.175000190734863,10.175000190734863,10.210000038146973,10.164999961853027,10.1899995803833,26585.0,CORZ,1m
2024-09-12 14:22:00+00:00,10.220000267028809,10.220000267028809,10.220000267028809,10.1850004196167,10.1850004196167,23337.0,CORZ,1m
2024-09-12 14:23:00+00:00,10.21500015258789,10.21500015258789,10.25,10.204999923706055,10.225600242614746,82567.0,CORZ,1m
2024-09-12 14:24:00+00:00,10.194999694824219,10.194999694824219,10.219900131225586,10.1899995803833,10.219900131225586,15154.0,CORZ,1m
2024-09-12 14:25:00+00:00,10.255000114440918,10.255000114440918,10.255000114440918,10.194999694824219,10.199899673461914,34053.0,CORZ,1m
2024-09-12 14:26:00+00:00,10.28499984741211,10.28499984741211,10.289999961853027,10.255399703979492,10.255399703979492,60088.0,CORZ,1m
2024-09-12 14:27:00+00:00,10.389900207519531,10.389900207519531,10.389900207519531,10.260000228881836,10.28499984741211,267632.0,CORZ,1m
2024-09-12 14:28:00+00:00,10.399999618530273,10.399999618530273,10.420000076293945,10.34000015258789,10.380000114440918,189679.0,CORZ,1m
2024-09-12 14:29:00+00:00,10.390000343322754,10.390000343322754,10.40999984741211,10.364999771118164,10.404999732971191,129442.0,CORZ,1m
2024-09-12 14:30:00+00:00,10.404999732971191,10.404999732971191,10.4350004196167,10.380000114440918,10.395000457763672,136450.0,CORZ,1m
2024-09-12 14:31:00+00:00,10.339900016784668,10.339900016784668,10.414999961853027,10.329999923706055,10.407999992370605,93239.0,CORZ,1m
2024-09-12 14:32:00+00:00,10.364999771118164,10.364999771118164,10.390000343322754,10.331600189208984,10.335000038146973,46394.0,CORZ,1m
2024-09-12 14:33:00+00:00,10.370100021362305,10.370100021362305,10.385000228881836,10.350000381469727,10.367300033569336,57662.0,CORZ,1m
2024-09-12 14:34:00+00:00,10.430000305175781,10.430000305175781,10.430000305175781,10.364999771118164,10.364999771118164,67401.0,CORZ,1m
2024-09-12 14:35:00+00:00,10.419699668884277,10.419699668884277,10.5,10.364999771118164,10.4350004196167,277929.0,CORZ,1m
2024-09-12 14:36:00+00:00,10.4399995803833,10.4399995803833,10.4399995803833,10.390000343322754,10.414999961853027,51602.0,CORZ,1m
2024-09-12 14:37:00+00:00,10.4350004196167,10.4350004196167,10.494999885559082,10.430000305175781,10.4350004196167,80994.0,CORZ,1m
2024-09-12 14:38:00+00:00,10.454999923706055,10.454999923706055,10.46500015258789,10.40999984741211,10.4350004196167,48798.0,CORZ,1m
2024-09-12 14:39:00+00:00,10.39210033416748,10.39210033416748,10.460000038146973,10.390000343322754,10.454999923706055,21708.0,CORZ,1m
2024-09-12 14:40:00+00:00,10.413100242614746,10.413100242614746,10.430000305175781,10.385000228881836,10.395000457763672,15619.0,CORZ,1m
2024-09-12 14:41:00+00:00,10.389699935913086,10.389699935913086,10.430000305175781,10.375,10.420000076293945,18524.0,CORZ,1m
2024-09-12 14:42:00+00:00,10.420000076293945,10.420000076293945,10.430000305175781,10.389900207519531,10.389900207519531,19558.0,CORZ,1m
2024-09-12 14:43:00+00:00,10.40999984741211,10.40999984741211,10.430000305175781,10.399999618530273,10.425000190734863,26667.0,CORZ,1m
2024-09-12 14:44:00+00:00,10.390000343322754,10.390000343322754,10.449999809265137,10.380000114440918,10.40999984741211,23280.0,CORZ,1m
2024-09-12 14:45:00+00:00,10.354999542236328,10.354999542236328,10.380000114440918,10.324999809265137,10.380000114440918,70269.0,CORZ,1m
2024-09-12 14:46:00+00:00,10.3100004196167,10.3100004196167,10.390000343322754,10.303400039672852,10.359999656677246,33636.0,CORZ,1m
2024-09-12 14:47:00+00:00,10.289999961853027,10.289999961853027,10.3100004196167,10.239999771118164,10.3100004196167,46485.0,CORZ,1m
2024-09-12 14:48:00+00:00,10.295000076293945,10.295000076293945,10.305000305175781,10.265000343322754,10.291500091552734,25013.0,CORZ,1m
2024-09-12 14:49:00+00:00,10.350000381469727,10.350000381469727,10.350000381469727,10.300000190734863,10.300000190734863,14939.0,CORZ,1m
2024-09-12 14:50:00+00:00,10.385000228881836,10.385000228881836,10.390000343322754,10.354999542236328,10.359999656677246,15240.0,CORZ,1m
2024-09-12 14:51:00+00:00,10.345000267028809,10.345000267028809,10.390000343322754,10.345000267028809,10.385000228881836,10151.0,CORZ,1m
2024-09-12 14:52:00+00:00,10.340900421142578,10.340900421142578,10.345000267028809,10.3100004196167,10.343999862670898,6962.0,CORZ,1m
2024-09-12 14:53:00+00:00,10.364999771118164,10.364999771118164,10.378499984741211,10.340800285339355,10.350000381469727,7037.0,CORZ,1m
2024-09-12 14:54:00+00:00,10.350000381469727,10.350000381469727,10.369999885559082,10.345000267028809,10.360099792480469,7001.0,CORZ,1m
2024-09-12 14:55:00+00:00,10.430000305175781,10.430000305175781,10.430000305175781,10.345800399780273,10.345800399780273,30402.0,CORZ,1m
2024-09-12 14:56:00+00:00,10.444999694824219,10.444999694824219,10.470000267028809,10.4399995803833,10.449999809265137,19761.0,CORZ,1m
2024-09-12 14:57:00+00:00,10.399999618530273,10.399999618530273,10.444999694824219,10.399999618530273,10.444999694824219,48226.0,CORZ,1m
2024-09-12 14:58:00+00:00,10.390000343322754,10.390000343322754,10.419899940490723,10.390000343322754,10.40999984741211,19149.0,CORZ,1m
2024-09-12 14:59:00+00:00,10.364999771118164,10.364999771118164,10.399499893188477,10.345000267028809,10.390000343322754,23414.0,CORZ,1m
2024-09-12 15:00:00+00:00,10.335000038146973,10.335000038146973,10.380000114440918,10.3149995803833,10.359999656677246,49659.0,CORZ,1m
2024-09-12 15:01:00+00:00,10.380000114440918,10.380000114440918,10.395000457763672,10.34000015258789,10.34000015258789,28212.0,CORZ,1m
2024-09-12 15:02:00+00:00,10.404999732971191,10.404999732971191,10.404999732971191,10.390000343322754,10.390000343322754,23956.0,CORZ,1m
2024-09-12 15:03:00+00:00,10.418800354003906,10.418800354003906,10.418800354003906,10.403300285339355,10.404999732971191,18457.0,CORZ,1m
2024-09-12 15:04:00+00:00,10.414999961853027,10.414999961853027,10.454999923706055,10.41450023651123,10.41450023651123,20594.0,CORZ,1m
2024-09-12 15:05:00+00:00,10.420000076293945,10.420000076293945,10.444999694824219,10.414999961853027,10.416000366210938,19068.0,CORZ,1m
2024-09-12 15:06:00+00:00,10.404999732971191,10.404999732971191,10.425000190734863,10.390000343322754,10.425000190734863,15128.0,CORZ,1m
2024-09-12 15:07:00+00:00,10.395000457763672,10.395000457763672,10.449999809265137,10.395000457763672,10.404999732971191,32378.0,CORZ,1m
2024-09-12 15:09:00+00:00,10.40999984741211,10.40999984741211,10.4173002243042,10.40999984741211,10.4173002243042,24568.0,CORZ,1m
2024-09-12 15:10:00+00:00,10.397700309753418,10.397700309753418,10.414999961853027,10.393799781799316,10.414999961853027,3457.0,CORZ,1m
2024-09-12 15:11:00+00:00,10.406200408935547,10.406200408935547,10.406200408935547,10.40429973602295,10.404999732971191,26292.0,CORZ,1m
2024-09-12 15:12:00+00:00,10.404999732971191,10.404999732971191,10.40999984741211,10.402700424194336,10.40999984741211,20935.0,CORZ,1m
2024-09-12 15:13:00+00:00,10.4350004196167,10.4350004196167,10.4399995803833,10.404999732971191,10.40999984741211,25275.0,CORZ,1m
2024-09-12 15:14:00+00:00,10.404999732971191,10.404999732971191,10.439900398254395,10.390000343322754,10.432000160217285,14784.0,CORZ,1m
2024-09-12 15:15:00+00:00,10.335000038146973,10.335000038146973,10.404999732971191,10.321000099182129,10.404999732971191,15469.0,CORZ,1m
2024-09-12 15:16:00+00:00,10.305000305175781,10.305000305175781,10.34000015258789,10.265000343322754,10.34000015258789,67308.0,CORZ,1m
2024-09-12 15:17:00+00:00,10.3100004196167,10.3100004196167,10.345000267028809,10.300000190734863,10.301600456237793,34700.0,CORZ,1m
2024-09-12 15:18:00+00:00,10.279999732971191,10.279999732971191,10.3149995803833,10.270000457763672,10.3100004196167,58703.0,CORZ,1m
2024-09-12 15:19:00+00:00,10.345000267028809,10.345000267028809,10.350000381469727,10.279999732971191,10.279999732971191,55233.0,CORZ,1m
2024-09-12 15:20:00+00:00,10.28499984741211,10.28499984741211,10.345000267028809,10.270000457763672,10.345000267028809,46858.0,CORZ,1m
2024-09-12 15:21:00+00:00,10.319999694824219,10.319999694824219,10.321599960327148,10.279999732971191,10.289999961853027,19141.0,CORZ,1m
2024-09-12 15:22:00+00:00,10.324999809265137,10.324999809265137,10.34000015258789,10.3100004196167,10.324999809265137,10699.0,CORZ,1m
2024-09-12 15:23:00+00:00,10.239999771118164,10.239999771118164,10.345000267028809,10.222000122070312,10.329999923706055,259878.0,CORZ,1m
2024-09-12 15:24:00+00:00,10.279999732971191,10.279999732971191,10.300000190734863,10.220000267028809,10.234999656677246,77344.0,CORZ,1m
2024-09-12 15:25:00+00:00,10.305000305175781,10.305000305175781,10.3149995803833,10.28499984741211,10.28499984741211,24484.0,CORZ,1m
2024-09-12 15:26:00+00:00,10.324999809265137,10.324999809265137,10.34000015258789,10.270000457763672,10.305000305175781,232621.0,CORZ,1m
2024-09-12 15:28:00+00:00,10.336999893188477,10.336999893188477,10.359999656677246,10.329999923706055,10.350000381469727,51142.0,CORZ,1m
2024-09-12 15:29:00+00:00,10.3149995803833,10.3149995803833,10.337900161743164,10.3100004196167,10.319999694824219,15309.0,CORZ,1m
2024-09-12 15:30:00+00:00,10.3149995803833,10.3149995803833,10.350000381469727,10.3100004196167,10.319999694824219,8642.0,CORZ,1m
2024-09-12 15:31:00+00:00,10.354999542236328,10.354999542236328,10.359999656677246,10.3149995803833,10.3149995803833,15609.0,CORZ,1m
2024-09-12 15:32:00+00:00,10.345000267028809,10.345000267028809,10.359999656677246,10.344499588012695,10.354999542236328,11472.0,CORZ,1m
2024-09-12 15:33:00+00:00,10.345000267028809,10.345000267028809,10.359999656677246,10.341300010681152,10.350000381469727,14868.0,CORZ,1m
2024-09-12 15:34:00+00:00,10.345000267028809,10.345000267028809,10.350000381469727,10.340800285339355,10.345000267028809,5242.0,CORZ,1m
2024-09-12 15:35:00+00:00,10.331000328063965,10.331000328063965,10.34000015258789,10.331000328063965,10.34000015258789,2489.0,CORZ,1m
2024-09-12 15:36:00+00:00,10.324999809265137,10.324999809265137,10.335000038146973,10.324999809265137,10.335000038146973,3728.0,CORZ,1m
2024-09-12 15:37:00+00:00,10.354999542236328,10.354999542236328,10.359999656677246,10.329999923706055,10.329999923706055,13577.0,CORZ,1m
2024-09-12 15:38:00+00:00,10.335000038146973,10.335000038146973,10.354999542236328,10.335000038146973,10.354999542236328,5889.0,CORZ,1m
2024-09-12 15:39:00+00:00,10.329999923706055,10.329999923706055,10.335000038146973,10.3100004196167,10.319999694824219,11376.0,CORZ,1m
2024-09-12 15:40:00+00:00,10.335000038146973,10.335000038146973,10.34000015258789,10.3149995803833,10.3149995803833,3557.0,CORZ,1m
2024-09-12 15:41:00+00:00,10.35830020904541,10.35830020904541,10.359999656677246,10.333999633789062,10.333999633789062,12392.0,CORZ,1m
2024-09-12 15:42:00+00:00,10.345000267028809,10.345000267028809,10.354999542236328,10.345000267028809,10.354999542236328,2894.0,CORZ,1m
2024-09-12 15:43:00+00:00,10.345000267028809,10.345000267028809,10.350000381469727,10.3149995803833,10.345000267028809,8257.0,CORZ,1m
2024-09-12 15:44:00+00:00,10.335000038146973,10.335000038146973,10.345000267028809,10.329999923706055,10.345000267028809,1922.0,CORZ,1m
2024-09-12 15:45:00+00:00,10.34000015258789,10.34000015258789,10.345000267028809,10.329999923706055,10.335000038146973,6792.0,CORZ,1m
2024-09-12 15:46:00+00:00,10.300000190734863,10.300000190734863,10.324999809265137,10.300000190734863,10.324999809265137,11650.0,CORZ,1m
2024-09-12 15:47:00+00:00,10.3100004196167,10.3100004196167,10.3149995803833,10.295000076293945,10.295000076293945,13982.0,CORZ,1m
2024-09-12 15:48:00+00:00,10.319999694824219,10.319999694824219,10.324999809265137,10.300000190734863,10.3149995803833,10043.0,CORZ,1m
2024-09-12 15:49:00+00:00,10.319999694824219,10.319999694824219,10.319999694824219,10.3149995803833,10.319999694824219,2475.0,CORZ,1m
2024-09-12 15:50:00+00:00,10.3149995803833,10.3149995803833,10.319999694824219,10.310099601745605,10.3149995803833,7267.0,CORZ,1m
2024-09-12 15:51:00+00:00,10.300000190734863,10.300000190734863,10.3100004196167,10.270000457763672,10.3100004196167,37646.0,CORZ,1m
2024-09-12 15:52:00+00:00,10.3100004196167,10.3100004196167,10.329999923706055,10.28499984741211,10.3100004196167,23604.0,CORZ,1m
2024-09-12 15:53:00+00:00,10.295000076293945,10.295000076293945,10.305000305175781,10.289999961853027,10.305000305175781,6429.0,CORZ,1m
2024-09-12 15:54:00+00:00,10.239999771118164,10.239999771118164,10.295000076293945,10.220000267028809,10.295000076293945,38063.0,CORZ,1m
2024-09-12 15:55:00+00:00,10.255000114440918,10.255000114440918,10.260000228881836,10.229999542236328,10.229999542236328,9067.0,CORZ,1m
2024-09-12 15:56:00+00:00,10.270000457763672,10.270000457763672,10.270000457763672,10.255000114440918,10.260000228881836,2946.0,CORZ,1m
2024-09-12 15:57:00+00:00,10.265000343322754,10.265000343322754,10.270000457763672,10.265000343322754,10.270000457763672,5134.0,CORZ,1m
2024-09-12 15:58:00+00:00,10.255000114440918,10.255000114440918,10.279999732971191,10.229999542236328,10.265000343322754,95925.0,CORZ,1m
2024-09-12 15:59:00+00:00,10.255000114440918,10.255000114440918,10.255000114440918,10.239700317382812,10.255000114440918,14393.0,CORZ,1m
2024-09-12 16:00:00+00:00,10.259900093078613,10.259900093078613,10.260000228881836,10.244999885559082,10.25,10973.0,CORZ,1m
2024-09-12 16:01:00+00:00,10.260000228881836,10.260000228881836,10.270000457763672,10.250499725341797,10.250499725341797,14734.0,CORZ,1m
2024-09-12 16:02:00+00:00,10.289999961853027,10.289999961853027,10.289999961853027,10.25,10.25,4903.0,CORZ,1m
2024-09-12 16:03:00+00:00,10.289999961853027,10.289999961853027,10.300000190734863,10.289999961853027,10.289999961853027,6611.0,CORZ,1m
2024-09-12 16:04:00+00:00,10.298500061035156,10.298500061035156,10.298500061035156,10.289999961853027,10.289999961853027,3750.0,CORZ,1m
2024-09-12 16:05:00+00:00,10.29990005493164,10.29990005493164,10.29990005493164,10.289999961853027,10.29800033569336,3917.0,CORZ,1m
2024-09-12 16:06:00+00:00,10.289999961853027,10.289999961853027,10.289999961853027,10.28499984741211,10.289999961853027,1326.0,CORZ,1m
2024-09-12 16:07:00+00:00,10.28499984741211,10.28499984741211,10.295000076293945,10.28499984741211,10.29010009765625,2561.0,CORZ,1m
2024-09-12 16:08:00+00:00,10.279999732971191,10.279999732971191,10.279999732971191,10.274999618530273,10.279999732971191,5854.0,CORZ,1m
2024-09-12 16:09:00+00:00,10.289999961853027,10.289999961853027,10.289999961853027,10.280099868774414,10.289999961853027,2868.0,CORZ,1m
2024-09-12 16:10:00+00:00,10.314200401306152,10.314200401306152,10.3149995803833,10.288399696350098,10.288399696350098,19778.0,CORZ,1m
2024-09-12 16:11:00+00:00,10.289999961853027,10.289999961853027,10.314000129699707,10.289999961853027,10.314000129699707,6747.0,CORZ,1m
2024-09-12 16:12:00+00:00,10.300000190734863,10.300000190734863,10.300000190734863,10.289999961853027,10.297200202941895,5402.0,CORZ,1m
2024-09-12 16:13:00+00:00,10.295000076293945,10.295000076293945,10.300000190734863,10.289999961853027,10.295000076293945,2248.0,CORZ,1m
2024-09-12 16:14:00+00:00,10.305000305175781,10.305000305175781,10.305000305175781,10.289999961853027,10.295000076293945,14787.0,CORZ,1m
2024-09-12 16:15:00+00:00,10.300000190734863,10.300000190734863,10.3100004196167,10.300000190734863,10.309900283813477,1609.0,CORZ,1m
2024-09-12 16:16:00+00:00,10.289999961853027,10.289999961853027,10.3100004196167,10.289999961853027,10.305000305175781,5076.0,CORZ,1m
2024-09-12 16:17:00+00:00,10.270000457763672,10.270000457763672,10.300000190734863,10.270000457763672,10.300000190734863,3609.0,CORZ,1m
2024-09-12 16:18:00+00:00,10.295000076293945,10.295000076293945,10.300000190734863,10.260000228881836,10.265000343322754,12887.0,CORZ,1m
2024-09-12 16:19:00+00:00,10.274999618530273,10.274999618530273,10.296199798583984,10.274999618530273,10.295000076293945,4800.0,CORZ,1m
2024-09-12 16:20:00+00:00,10.265000343322754,10.265000343322754,10.274999618530273,10.255000114440918,10.274999618530273,40066.0,CORZ,1m
2024-09-12 16:21:00+00:00,10.289999961853027,10.289999961853027,10.289999961853027,10.260000228881836,10.260000228881836,16891.0,CORZ,1m
2024-09-12 16:22:00+00:00,10.295000076293945,10.295000076293945,10.29990005493164,10.28499984741211,10.28499984741211,32767.0,CORZ,1m
2024-09-12 16:23:00+00:00,10.279999732971191,10.279999732971191,10.295000076293945,10.270000457763672,10.289999961853027,6469.0,CORZ,1m
2024-09-12 16:24:00+00:00,10.289999961853027,10.289999961853027,10.289999961853027,10.28499984741211,10.28499984741211,9829.0,CORZ,1m
2024-09-12 16:25:00+00:00,10.297599792480469,10.297599792480469,10.297599792480469,10.289999961853027,10.295000076293945,1411.0,CORZ,1m
2024-09-12 16:26:00+00:00,10.303000450134277,10.303000450134277,10.305000305175781,10.295000076293945,10.295000076293945,5474.0,CORZ,1m
2024-09-12 16:27:00+00:00,10.3100004196167,10.3100004196167,10.3100004196167,10.305000305175781,10.3100004196167,5294.0,CORZ,1m
2024-09-12 16:28:00+00:00,10.300000190734863,10.300000190734863,10.3056001663208,10.300000190734863,10.3056001663208,5400.0,CORZ,1m
2024-09-12 16:29:00+00:00,10.301300048828125,10.301300048828125,10.301300048828125,10.301300048828125,10.301300048828125,1189.0,CORZ,1m
2024-09-12 16:30:00+00:00,10.305000305175781,10.305000305175781,10.3100004196167,10.305000305175781,10.305000305175781,8794.0,CORZ,1m
2024-09-12 16:31:00+00:00,10.289999961853027,10.289999961853027,10.309900283813477,10.289999961853027,10.309900283813477,3401.0,CORZ,1m
2024-09-12 16:32:00+00:00,10.279999732971191,10.279999732971191,10.289600372314453,10.279999732971191,10.28499984741211,3292.0,CORZ,1m
2024-09-12 16:33:00+00:00,10.300000190734863,10.300000190734863,10.300000190734863,10.274999618530273,10.274999618530273,4149.0,CORZ,1m
2024-09-12 16:34:00+00:00,10.260000228881836,10.260000228881836,10.295000076293945,10.25,10.295000076293945,25778.0,CORZ,1m
2024-09-12 16:35:00+00:00,10.249899864196777,10.249899864196777,10.25,10.234999656677246,10.25,12159.0,CORZ,1m
2024-09-12 16:36:00+00:00,10.232600212097168,10.232600212097168,10.239999771118164,10.229999542236328,10.239999771118164,15981.0,CORZ,1m
2024-09-12 16:37:00+00:00,10.210000038146973,10.210000038146973,10.239999771118164,10.199999809265137,10.239999771118164,66102.0,CORZ,1m
2024-09-12 16:38:00+00:00,10.206000328063965,10.206000328063965,10.20989990234375,10.205900192260742,10.20989990234375,1671.0,CORZ,1m
2024-09-12 16:39:00+00:00,10.199999809265137,10.199999809265137,10.20989990234375,10.180000305175781,10.20989990234375,45772.0,CORZ,1m
2024-09-12 16:40:00+00:00,10.194999694824219,10.194999694824219,10.199999809265137,10.1899995803833,10.194999694824219,4383.0,CORZ,1m
2024-09-12 16:41:00+00:00,10.199999809265137,10.199999809265137,10.199999809265137,10.194999694824219,10.194999694824219,3498.0,CORZ,1m
2024-09-12 16:42:00+00:00,10.220000267028809,10.220000267028809,10.220000267028809,10.204999923706055,10.210000038146973,6739.0,CORZ,1m
2024-09-12 16:43:00+00:00,10.229999542236328,10.229999542236328,10.239999771118164,10.229999542236328,10.229999542236328,5594.0,CORZ,1m
2024-09-12 16:44:00+00:00,10.255000114440918,10.255000114440918,10.260000228881836,10.220000267028809,10.22089958190918,9261.0,CORZ,1m
2024-09-12 16:45:00+00:00,10.239999771118164,10.239999771118164,10.25,10.23009967803955,10.25,6821.0,CORZ,1m
2024-09-12 16:46:00+00:00,10.244999885559082,10.244999885559082,10.25,10.234999656677246,10.239999771118164,4703.0,CORZ,1m
2024-09-12 16:47:00+00:00,10.239999771118164,10.239999771118164,10.25,10.239999771118164,10.25,2144.0,CORZ,1m
2024-09-12 16:48:00+00:00,10.25,10.25,10.25,10.234999656677246,10.239999771118164,2669.0,CORZ,1m
2024-09-12 16:49:00+00:00,10.246299743652344,10.246299743652344,10.25,10.244999885559082,10.248900413513184,2799.0,CORZ,1m
2024-09-12 16:50:00+00:00,10.229999542236328,10.229999542236328,10.260000228881836,10.220000267028809,10.244999885559082,45903.0,CORZ,1m
2024-09-12 16:51:00+00:00,10.239999771118164,10.239999771118164,10.239999771118164,10.225000381469727,10.225000381469727,4097.0,CORZ,1m
2024-09-12 16:52:00+00:00,10.255000114440918,10.255000114440918,10.260000228881836,10.239999771118164,10.239999771118164,12686.0,CORZ,1m
2024-09-12 16:53:00+00:00,10.260000228881836,10.260000228881836,10.260000228881836,10.250499725341797,10.255000114440918,11550.0,CORZ,1m
2024-09-12 16:54:00+00:00,10.246000289916992,10.246000289916992,10.25,10.246000289916992,10.25,2458.0,CORZ,1m
2024-09-12 16:55:00+00:00,10.25,10.25,10.25,10.25,10.25,257.0,CORZ,1m
2024-09-12 16:56:00+00:00,10.239999771118164,10.239999771118164,10.25,10.239999771118164,10.25,2963.0,CORZ,1m
2024-09-12 16:57:00+00:00,10.255000114440918,10.255000114440918,10.260000228881836,10.239999771118164,10.239999771118164,3031.0,CORZ,1m
2024-09-12 16:58:00+00:00,10.260000228881836,10.260000228881836,10.260000228881836,10.25,10.258000373840332,3940.0,CORZ,1m
2024-09-12 16:59:00+00:00,10.260000228881836,10.260000228881836,10.260000228881836,10.260000228881836,10.260000228881836,205.0,CORZ,1m
2024-09-12 17:00:00+00:00,10.25,10.25,10.260000228881836,10.25,10.255000114440918,8244.0,CORZ,1m
2024-09-12 17:01:00+00:00,10.259900093078613,10.259900093078613,10.260000228881836,10.25,10.25,9423.0,CORZ,1m
2024-09-12 17:02:00+00:00,10.25,10.25,10.270000457763672,10.25,10.260000228881836,10244.0,CORZ,1m
2024-09-12 17:03:00+00:00,10.255000114440918,10.255000114440918,10.255000114440918,10.25,10.255000114440918,2358.0,CORZ,1m
2024-09-12 17:04:00+00:00,10.25,10.25,10.259900093078613,10.25,10.25,1820.0,CORZ,1m
2024-09-12 17:05:00+00:00,10.249899864196777,10.249899864196777,10.249899864196777,10.239999771118164,10.246000289916992,8196.0,CORZ,1m
2024-09-12 17:06:00+00:00,10.244999885559082,10.244999885559082,10.249899864196777,10.239999771118164,10.239999771118164,633.0,CORZ,1m
2024-09-12 17:07:00+00:00,10.260000228881836,10.260000228881836,10.260000228881836,10.25,10.255000114440918,44282.0,CORZ,1m
2024-09-12 17:08:00+00:00,10.28499984741211,10.28499984741211,10.300000190734863,10.255000114440918,10.255000114440918,14501.0,CORZ,1m
2024-09-12 17:09:00+00:00,10.274999618530273,10.274999618530273,10.28499984741211,10.274999618530273,10.28499984741211,7857.0,CORZ,1m
2024-09-12 17:10:00+00:00,10.29800033569336,10.29800033569336,10.29800033569336,10.274700164794922,10.274999618530273,5239.0,CORZ,1m
2024-09-12 17:11:00+00:00,10.28499984741211,10.28499984741211,10.289999961853027,10.28499984741211,10.289999961853027,18867.0,CORZ,1m
2024-09-12 17:12:00+00:00,10.274999618530273,10.274999618530273,10.279999732971191,10.270000457763672,10.279999732971191,2975.0,CORZ,1m
2024-09-12 17:13:00+00:00,10.279999732971191,10.279999732971191,10.279999732971191,10.274999618530273,10.276000022888184,3593.0,CORZ,1m
2024-09-12 17:14:00+00:00,10.274999618530273,10.274999618530273,10.279999732971191,10.274999618530273,10.279999732971191,4456.0,CORZ,1m
2024-09-12 17:15:00+00:00,10.274999618530273,10.274999618530273,10.274999618530273,10.270000457763672,10.270000457763672,1588.0,CORZ,1m
2024-09-12 17:16:00+00:00,10.265000343322754,10.265000343322754,10.270000457763672,10.265000343322754,10.270000457763672,3503.0,CORZ,1m
2024-09-12 17:17:00+00:00,10.295000076293945,10.295000076293945,10.295000076293945,10.265000343322754,10.265000343322754,17367.0,CORZ,1m
2024-09-12 17:18:00+00:00,10.3100004196167,10.3100004196167,10.3100004196167,10.300000190734863,10.300000190734863,6063.0,CORZ,1m
2024-09-12 17:19:00+00:00,10.334699630737305,10.334699630737305,10.34000015258789,10.305000305175781,10.305000305175781,17307.0,CORZ,1m
2024-09-12 17:20:00+00:00,10.319999694824219,10.319999694824219,10.3302001953125,10.305000305175781,10.3302001953125,19172.0,CORZ,1m
2024-09-12 17:21:00+00:00,10.3100004196167,10.3100004196167,10.319999694824219,10.3100004196167,10.3100004196167,4181.0,CORZ,1m
2024-09-12 17:22:00+00:00,10.319299697875977,10.319299697875977,10.319299697875977,10.305000305175781,10.30780029296875,5218.0,CORZ,1m
2024-09-12 17:23:00+00:00,10.34000015258789,10.34000015258789,10.34000015258789,10.319999694824219,10.319999694824219,9332.0,CORZ,1m
2024-09-12 17:24:00+00:00,10.34000015258789,10.34000015258789,10.354999542236328,10.335000038146973,10.335000038146973,14668.0,CORZ,1m
2024-09-12 17:25:00+00:00,10.349699974060059,10.349699974060059,10.349699974060059,10.34000015258789,10.34179973602295,5636.0,CORZ,1m
2024-09-12 17:26:00+00:00,10.364999771118164,10.364999771118164,10.380000114440918,10.34000015258789,10.350000381469727,21996.0,CORZ,1m
2024-09-12 17:27:00+00:00,10.364999771118164,10.364999771118164,10.369999885559082,10.361499786376953,10.364999771118164,7043.0,CORZ,1m
2024-09-12 17:28:00+00:00,10.375,10.375,10.375,10.359999656677246,10.369999885559082,16973.0,CORZ,1m
2024-09-12 17:29:00+00:00,10.425999641418457,10.425999641418457,10.429900169372559,10.354999542236328,10.369999885559082,52224.0,CORZ,1m
2024-09-12 17:30:00+00:00,10.42300033569336,10.42300033569336,10.430000305175781,10.42300033569336,10.425000190734863,3814.0,CORZ,1m
2024-09-12 17:31:00+00:00,10.429900169372559,10.429900169372559,10.430000305175781,10.40999984741211,10.425000190734863,41292.0,CORZ,1m
2024-09-12 17:32:00+00:00,10.420000076293945,10.420000076293945,10.439900398254395,10.414999961853027,10.429499626159668,30115.0,CORZ,1m
2024-09-12 17:33:00+00:00,10.369999885559082,10.369999885559082,10.425000190734863,10.369999885559082,10.425000190734863,39773.0,CORZ,1m
2024-09-12 17:34:00+00:00,10.395000457763672,10.395000457763672,10.399499893188477,10.370100021362305,10.370100021362305,10167.0,CORZ,1m
2024-09-12 17:35:00+00:00,10.390000343322754,10.390000343322754,10.395000457763672,10.390000343322754,10.392499923706055,6786.0,CORZ,1m
2024-09-12 17:36:00+00:00,10.390000343322754,10.390000343322754,10.40999984741211,10.390000343322754,10.399999618530273,8231.0,CORZ,1m
2024-09-12 17:37:00+00:00,10.390000343322754,10.390000343322754,10.390000343322754,10.390000343322754,10.390000343322754,1188.0,CORZ,1m
2024-09-12 17:38:00+00:00,10.395000457763672,10.395000457763672,10.399999618530273,10.390000343322754,10.399999618530273,2017.0,CORZ,1m
2024-09-12 17:39:00+00:00,10.380000114440918,10.380000114440918,10.404999732971191,10.360099792480469,10.399999618530273,27008.0,CORZ,1m
2024-09-12 17:40:00+00:00,10.380000114440918,10.380000114440918,10.390000343322754,10.375,10.390000343322754,8295.0,CORZ,1m
2024-09-12 17:41:00+00:00,10.369999885559082,10.369999885559082,10.375,10.359999656677246,10.375,11550.0,CORZ,1m
2024-09-12 17:42:00+00:00,10.420000076293945,10.420000076293945,10.425000190734863,10.380000114440918,10.380000114440918,46348.0,CORZ,1m
2024-09-12 17:43:00+00:00,10.380000114440918,10.380000114440918,10.40999984741211,10.380000114440918,10.40999984741211,14424.0,CORZ,1m
2024-09-12 17:44:00+00:00,10.395000457763672,10.395000457763672,10.395999908447266,10.390000343322754,10.390000343322754,2175.0,CORZ,1m
2024-09-12 17:45:00+00:00,10.41819953918457,10.41819953918457,10.41819953918457,10.390000343322754,10.390000343322754,21136.0,CORZ,1m
2024-09-12 17:46:00+00:00,10.425000190734863,10.425000190734863,10.425000190734863,10.417499542236328,10.420000076293945,6390.0,CORZ,1m
2024-09-12 17:47:00+00:00,10.420000076293945,10.420000076293945,10.425000190734863,10.420000076293945,10.425000190734863,2815.0,CORZ,1m
2024-09-12 17:48:00+00:00,10.425000190734863,10.425000190734863,10.425000190734863,10.425000190734863,10.425000190734863,1815.0,CORZ,1m
2024-09-12 17:49:00+00:00,10.420000076293945,10.420000076293945,10.430000305175781,10.420000076293945,10.425000190734863,11277.0,CORZ,1m
2024-09-12 17:50:00+00:00,10.449999809265137,10.449999809265137,10.449999809265137,10.425000190734863,10.428799629211426,21195.0,CORZ,1m
2024-09-12 17:51:00+00:00,10.470000267028809,10.470000267028809,10.470000267028809,10.444999694824219,10.444999694824219,17570.0,CORZ,1m
2024-09-12 17:52:00+00:00,10.465999603271484,10.465999603271484,10.479900360107422,10.460000038146973,10.479900360107422,12466.0,CORZ,1m
2024-09-12 17:53:00+00:00,10.494999885559082,10.494999885559082,10.5,10.449999809265137,10.460000038146973,49497.0,CORZ,1m
2024-09-12 17:54:00+00:00,10.520000457763672,10.520000457763672,10.520000457763672,10.492500305175781,10.494999885559082,97896.0,CORZ,1m
2024-09-12 17:55:00+00:00,10.59000015258789,10.59000015258789,10.649999618530273,10.520000457763672,10.520000457763672,142012.0,CORZ,1m
2024-09-12 17:56:00+00:00,10.569999694824219,10.569999694824219,10.619500160217285,10.569999694824219,10.594300270080566,20055.0,CORZ,1m
2024-09-12 17:57:00+00:00,10.520000457763672,10.520000457763672,10.569999694824219,10.520000457763672,10.5649995803833,67438.0,CORZ,1m
2024-09-12 17:58:00+00:00,10.539999961853027,10.539999961853027,10.547499656677246,10.520000457763672,10.520000457763672,10647.0,CORZ,1m
2024-09-12 17:59:00+00:00,10.529999732971191,10.529999732971191,10.529999732971191,10.510000228881836,10.529999732971191,13158.0,CORZ,1m
2024-09-12 18:00:00+00:00,10.5,10.5,10.550000190734863,10.489999771118164,10.550000190734863,125272.0,CORZ,1m
2024-09-12 18:01:00+00:00,10.520000457763672,10.520000457763672,10.520000457763672,10.479999542236328,10.489999771118164,5968.0,CORZ,1m
2024-09-12 18:02:00+00:00,10.53499984741211,10.53499984741211,10.545000076293945,10.515000343322754,10.520000457763672,11438.0,CORZ,1m
2024-09-12 18:03:00+00:00,10.5,10.5,10.538000106811523,10.5,10.530099868774414,32412.0,CORZ,1m
2024-09-12 18:04:00+00:00,10.510000228881836,10.510000228881836,10.510000228881836,10.489999771118164,10.494999885559082,18678.0,CORZ,1m
2024-09-12 18:05:00+00:00,10.494999885559082,10.494999885559082,10.508000373840332,10.475000381469727,10.508000373840332,8982.0,CORZ,1m
2024-09-12 18:06:00+00:00,10.489999771118164,10.489999771118164,10.489999771118164,10.482500076293945,10.484999656677246,648.0,CORZ,1m
2024-09-12 18:07:00+00:00,10.475000381469727,10.475000381469727,10.489999771118164,10.475000381469727,10.484999656677246,9631.0,CORZ,1m
2024-09-12 18:08:00+00:00,10.470000267028809,10.470000267028809,10.484999656677246,10.470000267028809,10.479999542236328,6126.0,CORZ,1m
2024-09-12 18:09:00+00:00,10.449999809265137,10.449999809265137,10.479999542236328,10.449999809265137,10.460000038146973,13465.0,CORZ,1m
2024-09-12 18:10:00+00:00,10.475000381469727,10.475000381469727,10.475000381469727,10.46500015258789,10.46500015258789,3014.0,CORZ,1m
2024-09-12 18:11:00+00:00,10.444999694824219,10.444999694824219,10.489999771118164,10.444999694824219,10.475000381469727,17297.0,CORZ,1m
2024-09-12 18:12:00+00:00,10.46500015258789,10.46500015258789,10.470000267028809,10.444999694824219,10.449999809265137,9020.0,CORZ,1m
2024-09-12 18:13:00+00:00,10.46500015258789,10.46500015258789,10.470000267028809,10.449999809265137,10.460000038146973,4749.0,CORZ,1m
2024-09-12 18:14:00+00:00,10.477999687194824,10.477999687194824,10.477999687194824,10.47089958190918,10.477999687194824,1556.0,CORZ,1m
2024-09-12 18:15:00+00:00,10.460000038146973,10.460000038146973,10.475000381469727,10.449999809265137,10.475000381469727,14383.0,CORZ,1m
2024-09-12 18:16:00+00:00,10.46500015258789,10.46500015258789,10.470000267028809,10.462499618530273,10.462499618530273,3072.0,CORZ,1m
2024-09-12 18:17:00+00:00,10.460000038146973,10.460000038146973,10.484999656677246,10.460000038146973,10.470000267028809,7085.0,CORZ,1m
2024-09-12 18:18:00+00:00,10.4399995803833,10.4399995803833,10.46500015258789,10.4399995803833,10.460000038146973,5061.0,CORZ,1m
2024-09-12 18:19:00+00:00,10.4399995803833,10.4399995803833,10.454999923706055,10.4399995803833,10.449999809265137,12766.0,CORZ,1m
2024-09-12 18:20:00+00:00,10.4350004196167,10.4350004196167,10.4399995803833,10.4350004196167,10.4399995803833,722.0,CORZ,1m
2024-09-12 18:21:00+00:00,10.447699546813965,10.447699546813965,10.449999809265137,10.432499885559082,10.4350004196167,5458.0,CORZ,1m
2024-09-12 18:22:00+00:00,10.444999694824219,10.444999694824219,10.449999809265137,10.444999694824219,10.449999809265137,2345.0,CORZ,1m
2024-09-12 18:23:00+00:00,10.4350004196167,10.4350004196167,10.449999809265137,10.430000305175781,10.444999694824219,14973.0,CORZ,1m
2024-09-12 18:24:00+00:00,10.46500015258789,10.46500015258789,10.470000267028809,10.432499885559082,10.432499885559082,18943.0,CORZ,1m
2024-09-12 18:25:00+00:00,10.475000381469727,10.475000381469727,10.477999687194824,10.462499618530273,10.46969985961914,13215.0,CORZ,1m
2024-09-12 18:26:00+00:00,10.484999656677246,10.484999656677246,10.489999771118164,10.47249984741211,10.475000381469727,18376.0,CORZ,1m
2024-09-12 18:27:00+00:00,10.505000114440918,10.505000114440918,10.509900093078613,10.484999656677246,10.484999656677246,12351.0,CORZ,1m
2024-09-12 18:28:00+00:00,10.520000457763672,10.520000457763672,10.524999618530273,10.505000114440918,10.505000114440918,34979.0,CORZ,1m
2024-09-12 18:29:00+00:00,10.505999565124512,10.505999565124512,10.515000343322754,10.5,10.515000343322754,9530.0,CORZ,1m
2024-09-12 18:30:00+00:00,10.520000457763672,10.520000457763672,10.520000457763672,10.510000228881836,10.510000228881836,4726.0,CORZ,1m
2024-09-12 18:32:00+00:00,10.494999885559082,10.494999885559082,10.5,10.484999656677246,10.484999656677246,21631.0,CORZ,1m
2024-09-12 18:33:00+00:00,10.479999542236328,10.479999542236328,10.505000114440918,10.479999542236328,10.494999885559082,7993.0,CORZ,1m
2024-09-12 18:34:00+00:00,10.505000114440918,10.505000114440918,10.505000114440918,10.479999542236328,10.489999771118164,12174.0,CORZ,1m
2024-09-12 18:35:00+00:00,10.505000114440918,10.505000114440918,10.510000228881836,10.5,10.505000114440918,2812.0,CORZ,1m
2024-09-12 18:36:00+00:00,10.505000114440918,10.505000114440918,10.510000228881836,10.505000114440918,10.505000114440918,10678.0,CORZ,1m
2024-09-12 18:37:00+00:00,10.507499694824219,10.507499694824219,10.507499694824219,10.5,10.505000114440918,3074.0,CORZ,1m
2024-09-12 18:38:00+00:00,10.5,10.5,10.507499694824219,10.5,10.507499694824219,3517.0,CORZ,1m
2024-09-12 18:39:00+00:00,10.46500015258789,10.46500015258789,10.494999885559082,10.46500015258789,10.494999885559082,18264.0,CORZ,1m
2024-09-12 18:40:00+00:00,10.46500015258789,10.46500015258789,10.467499732971191,10.46500015258789,10.467499732971191,309.0,CORZ,1m
2024-09-12 18:41:00+00:00,10.454999923706055,10.454999923706055,10.479999542236328,10.454999923706055,10.470000267028809,14220.0,CORZ,1m
2024-09-12 18:42:00+00:00,10.449999809265137,10.449999809265137,10.460000038146973,10.449999809265137,10.460000038146973,12050.0,CORZ,1m
2024-09-12 18:43:00+00:00,10.4399995803833,10.4399995803833,10.46500015258789,10.4399995803833,10.457500457763672,16263.0,CORZ,1m
2024-09-12 18:44:00+00:00,10.449999809265137,10.449999809265137,10.449999809265137,10.4399995803833,10.4399995803833,4718.0,CORZ,1m
2024-09-12 18:45:00+00:00,10.470000267028809,10.470000267028809,10.470000267028809,10.449999809265137,10.449999809265137,6645.0,CORZ,1m
2024-09-12 18:46:00+00:00,10.470000267028809,10.470000267028809,10.475000381469727,10.462499618530273,10.464699745178223,13796.0,CORZ,1m
2024-09-12 18:47:00+00:00,10.449999809265137,10.449999809265137,10.470000267028809,10.449999809265137,10.468899726867676,20286.0,CORZ,1m
2024-09-12 18:48:00+00:00,10.46500015258789,10.46500015258789,10.470000267028809,10.449999809265137,10.454999923706055,4673.0,CORZ,1m
2024-09-12 18:49:00+00:00,10.442500114440918,10.442500114440918,10.46500015258789,10.442500114440918,10.46500015258789,8741.0,CORZ,1m
2024-09-12 18:50:00+00:00,10.449999809265137,10.449999809265137,10.449999809265137,10.4399995803833,10.444999694824219,11602.0,CORZ,1m
2024-09-12 18:51:00+00:00,10.430000305175781,10.430000305175781,10.460000038146973,10.420000076293945,10.444999694824219,33979.0,CORZ,1m
2024-09-12 18:52:00+00:00,10.4399995803833,10.4399995803833,10.454999923706055,10.399999618530273,10.40999984741211,15117.0,CORZ,1m
2024-09-12 18:53:00+00:00,10.444999694824219,10.444999694824219,10.46500015258789,10.439900398254395,10.439900398254395,4176.0,CORZ,1m
2024-09-12 18:54:00+00:00,10.468000411987305,10.468000411987305,10.468000411987305,10.4350004196167,10.4399995803833,7161.0,CORZ,1m
2024-09-12 18:55:00+00:00,10.460000038146973,10.460000038146973,10.484999656677246,10.460000038146973,10.46500015258789,32976.0,CORZ,1m
2024-09-12 18:56:00+00:00,10.4399995803833,10.4399995803833,10.454999923706055,10.4350004196167,10.454999923706055,10742.0,CORZ,1m
2024-09-12 18:57:00+00:00,10.449799537658691,10.449799537658691,10.460000038146973,10.425000190734863,10.437800407409668,15979.0,CORZ,1m
2024-09-12 18:58:00+00:00,10.4350004196167,10.4350004196167,10.444999694824219,10.430000305175781,10.4399995803833,8360.0,CORZ,1m
2024-09-12 18:59:00+00:00,10.444999694824219,10.444999694824219,10.449999809265137,10.430000305175781,10.4350004196167,11102.0,CORZ,1m
2024-09-12 19:00:00+00:00,10.4350004196167,10.4350004196167,10.443599700927734,10.432499885559082,10.443599700927734,198566.0,CORZ,1m
2024-09-12 19:01:00+00:00,10.430000305175781,10.430000305175781,10.4399995803833,10.430000305175781,10.4350004196167,5830.0,CORZ,1m
2024-09-12 19:02:00+00:00,10.399999618530273,10.399999618530273,10.4350004196167,10.399999618530273,10.4350004196167,22914.0,CORZ,1m
2024-09-12 19:03:00+00:00,10.40999984741211,10.40999984741211,10.40999984741211,10.390000343322754,10.392499923706055,10102.0,CORZ,1m
2024-09-12 19:04:00+00:00,10.399999618530273,10.399999618530273,10.406000137329102,10.399999618530273,10.404999732971191,3919.0,CORZ,1m
2024-09-12 19:05:00+00:00,10.406000137329102,10.406000137329102,10.406000137329102,10.398099899291992,10.398099899291992,9378.0,CORZ,1m
2024-09-12 19:06:00+00:00,10.40999984741211,10.40999984741211,10.40999984741211,10.390000343322754,10.399999618530273,7014.0,CORZ,1m
2024-09-12 19:07:00+00:00,10.437299728393555,10.437299728393555,10.4399995803833,10.40999984741211,10.412500381469727,8515.0,CORZ,1m
2024-09-12 19:08:00+00:00,10.4350004196167,10.4350004196167,10.460000038146973,10.4350004196167,10.4399995803833,11829.0,CORZ,1m
2024-09-12 19:09:00+00:00,10.4350004196167,10.4350004196167,10.444999694824219,10.4350004196167,10.4350004196167,8340.0,CORZ,1m
2024-09-12 19:10:00+00:00,10.414999961853027,10.414999961853027,10.4350004196167,10.399999618530273,10.4350004196167,22809.0,CORZ,1m
2024-09-12 19:11:00+00:00,10.404999732971191,10.404999732971191,10.414999961853027,10.40250015258789,10.414999961853027,8036.0,CORZ,1m
2024-09-12 19:12:00+00:00,10.404999732971191,10.404999732971191,10.407999992370605,10.399999618530273,10.399999618530273,2117.0,CORZ,1m
2024-09-12 19:13:00+00:00,10.399999618530273,10.399999618530273,10.404999732971191,10.395000457763672,10.404999732971191,5003.0,CORZ,1m
2024-09-12 19:14:00+00:00,10.39009952545166,10.39009952545166,10.39900016784668,10.390000343322754,10.395000457763672,9430.0,CORZ,1m
2024-09-12 19:15:00+00:00,10.380000114440918,10.380000114440918,10.390000343322754,10.380000114440918,10.390000343322754,2552.0,CORZ,1m
2024-09-12 19:16:00+00:00,10.359999656677246,10.359999656677246,10.385000228881836,10.359999656677246,10.385000228881836,26454.0,CORZ,1m
2024-09-12 19:17:00+00:00,10.34000015258789,10.34000015258789,10.355500221252441,10.34000015258789,10.354999542236328,12657.0,CORZ,1m
2024-09-12 19:18:00+00:00,10.345000267028809,10.345000267028809,10.345000267028809,10.34000015258789,10.345000267028809,1392.0,CORZ,1m
2024-09-12 19:19:00+00:00,10.342499732971191,10.342499732971191,10.349800109863281,10.335000038146973,10.346699714660645,11328.0,CORZ,1m
2024-09-12 19:20:00+00:00,10.364999771118164,10.364999771118164,10.364999771118164,10.345000267028809,10.345000267028809,11264.0,CORZ,1m
2024-09-12 19:21:00+00:00,10.350000381469727,10.350000381469727,10.369999885559082,10.350000381469727,10.369999885559082,5130.0,CORZ,1m
2024-09-12 19:22:00+00:00,10.348299980163574,10.348299980163574,10.348299980163574,10.342499732971191,10.345000267028809,2898.0,CORZ,1m
2024-09-12 19:23:00+00:00,10.34000015258789,10.34000015258789,10.349900245666504,10.34000015258789,10.34000015258789,2912.0,CORZ,1m
2024-09-12 19:24:00+00:00,10.350000381469727,10.350000381469727,10.350000381469727,10.34000015258789,10.34000015258789,18469.0,CORZ,1m
2024-09-12 19:25:00+00:00,10.350000381469727,10.350000381469727,10.357000350952148,10.350000381469727,10.357000350952148,804.0,CORZ,1m
2024-09-12 19:26:00+00:00,10.350000381469727,10.350000381469727,10.350000381469727,10.350000381469727,10.350000381469727,3174.0,CORZ,1m
2024-09-12 19:27:00+00:00,10.364999771118164,10.364999771118164,10.369999885559082,10.350000381469727,10.357199668884277,46364.0,CORZ,1m
2024-09-12 19:28:00+00:00,10.362500190734863,10.362500190734863,10.369999885559082,10.359999656677246,10.369999885559082,2507.0,CORZ,1m
2024-09-12 19:29:00+00:00,10.399999618530273,10.399999618530273,10.399999618530273,10.364999771118164,10.364999771118164,119092.0,CORZ,1m
2024-09-12 19:30:00+00:00,10.395000457763672,10.395000457763672,10.397700309753418,10.390000343322754,10.3951997756958,10104.0,CORZ,1m
2024-09-12 19:31:00+00:00,10.399900436401367,10.399900436401367,10.399999618530273,10.395000457763672,10.395000457763672,9013.0,CORZ,1m
2024-09-12 19:32:00+00:00,10.392499923706055,10.392499923706055,10.399900436401367,10.392499923706055,10.398300170898438,5042.0,CORZ,1m
2024-09-12 19:33:00+00:00,10.375,10.375,10.399999618530273,10.375,10.395000457763672,49787.0,CORZ,1m
2024-09-12 19:34:00+00:00,10.359999656677246,10.359999656677246,10.375,10.359999656677246,10.375,4782.0,CORZ,1m
2024-09-12 19:35:00+00:00,10.375,10.375,10.385000228881836,10.369999885559082,10.369999885559082,19011.0,CORZ,1m
2024-09-12 19:36:00+00:00,10.375,10.375,10.375,10.369999885559082,10.375,4684.0,CORZ,1m
2024-09-12 19:37:00+00:00,10.364999771118164,10.364999771118164,10.380000114440918,10.359999656677246,10.374500274658203,11459.0,CORZ,1m
2024-09-12 19:38:00+00:00,10.369999885559082,10.369999885559082,10.369999885559082,10.369999885559082,10.369999885559082,3137.0,CORZ,1m
2024-09-12 19:39:00+00:00,10.375,10.375,10.380000114440918,10.374699592590332,10.375,5009.0,CORZ,1m
2024-09-12 19:40:00+00:00,10.359999656677246,10.359999656677246,10.369999885559082,10.354999542236328,10.369999885559082,20868.0,CORZ,1m
2024-09-12 19:41:00+00:00,10.364999771118164,10.364999771118164,10.369999885559082,10.359999656677246,10.369999885559082,9276.0,CORZ,1m
2024-09-12 19:42:00+00:00,10.364999771118164,10.364999771118164,10.369999885559082,10.345000267028809,10.369999885559082,15946.0,CORZ,1m
2024-09-12 19:43:00+00:00,10.364999771118164,10.364999771118164,10.369999885559082,10.364999771118164,10.364999771118164,5857.0,CORZ,1m
2024-09-12 19:44:00+00:00,10.350000381469727,10.350000381469727,10.36989974975586,10.350000381469727,10.364999771118164,17448.0,CORZ,1m
2024-09-12 19:45:00+00:00,10.345000267028809,10.345000267028809,10.35990047454834,10.34000015258789,10.354999542236328,8380.0,CORZ,1m
2024-09-12 19:46:00+00:00,10.350000381469727,10.350000381469727,10.350000381469727,10.319999694824219,10.34000015258789,39018.0,CORZ,1m
2024-09-12 19:47:00+00:00,10.319999694824219,10.319999694824219,10.324999809265137,10.3149995803833,10.324999809265137,22905.0,CORZ,1m
2024-09-12 19:48:00+00:00,10.319999694824219,10.319999694824219,10.324999809265137,10.313300132751465,10.313300132751465,14871.0,CORZ,1m
2024-09-12 19:49:00+00:00,10.3125,10.3125,10.319999694824219,10.3100004196167,10.319999694824219,13198.0,CORZ,1m
2024-09-12 19:50:00+00:00,10.339900016784668,10.339900016784668,10.350000381469727,10.319999694824219,10.319999694824219,37454.0,CORZ,1m
2024-09-12 19:51:00+00:00,10.319999694824219,10.319999694824219,10.336299896240234,10.3149995803833,10.335000038146973,40089.0,CORZ,1m
2024-09-12 19:52:00+00:00,10.305000305175781,10.305000305175781,10.330499649047852,10.300000190734863,10.329999923706055,26300.0,CORZ,1m
2024-09-12 19:53:00+00:00,10.3149995803833,10.3149995803833,10.329999923706055,10.3100004196167,10.3100004196167,19736.0,CORZ,1m
2024-09-12 19:54:00+00:00,10.329999923706055,10.329999923706055,10.350000381469727,10.289999961853027,10.3149995803833,144397.0,CORZ,1m
2024-09-12 19:55:00+00:00,10.347900390625,10.347900390625,10.350000381469727,10.324999809265137,10.329999923706055,79882.0,CORZ,1m
2024-09-12 19:56:00+00:00,10.345000267028809,10.345000267028809,10.350000381469727,10.34000015258789,10.345000267028809,49629.0,CORZ,1m
2024-09-12 19:57:00+00:00,10.345000267028809,10.345000267028809,10.350000381469727,10.34000015258789,10.345000267028809,42654.0,CORZ,1m
2024-09-12 19:58:00+00:00,10.375,10.375,10.380000114440918,10.345000267028809,10.345000267028809,161971.0,CORZ,1m
2024-09-12 19:59:00+00:00,10.390000343322754,10.390000343322754,10.399999618530273,10.350000381469727,10.375,282305.0,CORZ,1m
2024-09-13 13:30:00+00:00,10.5600004196167,10.5600004196167,10.574999809265137,10.5,10.5,526393.0,CORZ,1m
2024-09-13 13:31:00+00:00,10.710000038146973,10.710000038146973,10.75,10.5600004196167,10.569999694824219,251161.0,CORZ,1m
2024-09-13 13:32:00+00:00,10.694999694824219,10.694999694824219,10.770000457763672,10.6899995803833,10.71500015258789,207805.0,CORZ,1m
2024-09-13 13:33:00+00:00,10.765000343322754,10.765000343322754,10.779999732971191,10.699999809265137,10.699999809265137,61808.0,CORZ,1m
2024-09-13 13:34:00+00:00,10.854999542236328,10.854999542236328,10.859999656677246,10.75,10.765000343322754,149678.0,CORZ,1m
2024-09-13 13:35:00+00:00,10.84000015258789,10.84000015258789,10.869999885559082,10.789999961853027,10.850000381469727,57226.0,CORZ,1m
2024-09-13 13:36:00+00:00,10.800000190734863,10.800000190734863,10.854999542236328,10.789999961853027,10.847900390625,82099.0,CORZ,1m
2024-09-13 13:37:00+00:00,10.680000305175781,10.680000305175781,10.84000015258789,10.65999984741211,10.795000076293945,78062.0,CORZ,1m
2024-09-13 13:38:00+00:00,10.60219955444336,10.60219955444336,10.609999656677246,10.590100288391113,10.6048002243042,36403.0,CORZ,1m
2024-09-13 13:39:00+00:00,10.575499534606934,10.575499534606934,10.640000343322754,10.539999961853027,10.619999885559082,56740.0,CORZ,1m
2024-09-13 13:40:00+00:00,10.529999732971191,10.529999732971191,10.569999694824219,10.489999771118164,10.569999694824219,70935.0,CORZ,1m
2024-09-13 13:41:00+00:00,10.505000114440918,10.505000114440918,10.539999961853027,10.380000114440918,10.539999961853027,129163.0,CORZ,1m
2024-09-13 13:42:00+00:00,10.505000114440918,10.505000114440918,10.529999732971191,10.460000038146973,10.529999732971191,46079.0,CORZ,1m
2024-09-13 13:43:00+00:00,10.519200325012207,10.519200325012207,10.5600004196167,10.50979995727539,10.50979995727539,33364.0,CORZ,1m
2024-09-13 13:44:00+00:00,10.460000038146973,10.460000038146973,10.539999961853027,10.460000038146973,10.514200210571289,33336.0,CORZ,1m
2024-09-13 13:45:00+00:00,10.5,10.5,10.5,10.449999809265137,10.489999771118164,15409.0,CORZ,1m
2024-09-13 13:46:00+00:00,10.559800148010254,10.559800148010254,10.569999694824219,10.490900039672852,10.510000228881836,22148.0,CORZ,1m
2024-09-13 13:47:00+00:00,10.579999923706055,10.579999923706055,10.579999923706055,10.510000228881836,10.550000190734863,17393.0,CORZ,1m
2024-09-13 13:48:00+00:00,10.5600004196167,10.5600004196167,10.619999885559082,10.5600004196167,10.595000267028809,21780.0,CORZ,1m
2024-09-13 13:49:00+00:00,10.614999771118164,10.614999771118164,10.619999885559082,10.5600004196167,10.567500114440918,9407.0,CORZ,1m
2024-09-13 13:50:00+00:00,10.600000381469727,10.600000381469727,10.619999885559082,10.59000015258789,10.613200187683105,17432.0,CORZ,1m
2024-09-13 13:51:00+00:00,10.59000015258789,10.59000015258789,10.630000114440918,10.59000015258789,10.609999656677246,19826.0,CORZ,1m
2024-09-13 13:52:00+00:00,10.619999885559082,10.619999885559082,10.630000114440918,10.595000267028809,10.600000381469727,7563.0,CORZ,1m
2024-09-13 13:53:00+00:00,10.649999618530273,10.649999618530273,10.670000076293945,10.609999656677246,10.609999656677246,45273.0,CORZ,1m
2024-09-13 13:54:00+00:00,10.720000267028809,10.720000267028809,10.729599952697754,10.649999618530273,10.659700393676758,23571.0,CORZ,1m
2024-09-13 13:55:00+00:00,10.739999771118164,10.739999771118164,10.75,10.710000038146973,10.729999542236328,32171.0,CORZ,1m
2024-09-13 13:56:00+00:00,10.744000434875488,10.744000434875488,10.75,10.729999542236328,10.729999542236328,12627.0,CORZ,1m
2024-09-13 13:57:00+00:00,10.749899864196777,10.749899864196777,10.75,10.720000267028809,10.739999771118164,58032.0,CORZ,1m
2024-09-13 13:58:00+00:00,10.74839973449707,10.74839973449707,10.74839973449707,10.720000267028809,10.744999885559082,0.0,CORZ,1m
2024-09-13 13:59:00+00:00,10.758199691772461,10.758199691772461,10.760000228881836,10.729999542236328,10.744999885559082,53514.0,CORZ,1m
2024-09-13 14:00:00+00:00,10.640000343322754,10.640000343322754,10.8100004196167,10.640000343322754,10.760000228881836,40662.0,CORZ,1m
2024-09-13 14:01:00+00:00,10.670000076293945,10.670000076293945,10.6899995803833,10.640000343322754,10.649999618530273,19063.0,CORZ,1m
2024-09-13 14:02:00+00:00,10.65999984741211,10.65999984741211,10.689599990844727,10.65999984741211,10.670000076293945,3513.0,CORZ,1m
2024-09-13 14:03:00+00:00,10.680000305175781,10.680000305175781,10.710000038146973,10.649999618530273,10.680000305175781,30243.0,CORZ,1m
2024-09-13 14:04:00+00:00,10.690099716186523,10.690099716186523,10.699999809265137,10.680000305175781,10.694999694824219,6064.0,CORZ,1m
2024-09-13 14:05:00+00:00,10.6850004196167,10.6850004196167,10.71500015258789,10.6850004196167,10.710000038146973,19927.0,CORZ,1m
2024-09-13 14:06:00+00:00,10.734999656677246,10.734999656677246,10.739999771118164,10.670000076293945,10.680000305175781,55017.0,CORZ,1m
2024-09-13 14:07:00+00:00,10.75,10.75,10.770000457763672,10.734999656677246,10.739999771118164,56907.0,CORZ,1m
2024-09-13 14:08:00+00:00,10.78499984741211,10.78499984741211,10.819999694824219,10.760000228881836,10.760000228881836,76366.0,CORZ,1m
2024-09-13 14:09:00+00:00,10.745200157165527,10.745200157165527,10.78499984741211,10.739999771118164,10.78499984741211,23981.0,CORZ,1m
2024-09-13 14:10:00+00:00,10.739999771118164,10.739999771118164,10.774999618530273,10.725000381469727,10.744999885559082,26598.0,CORZ,1m
2024-09-13 14:11:00+00:00,10.779999732971191,10.779999732971191,10.795000076293945,10.739999771118164,10.744999885559082,79568.0,CORZ,1m
2024-09-13 14:12:00+00:00,10.729999542236328,10.729999542236328,10.781700134277344,10.720000267028809,10.779999732971191,170208.0,CORZ,1m
2024-09-13 14:13:00+00:00,10.704999923706055,10.704999923706055,10.720000267028809,10.65999984741211,10.720000267028809,108389.0,CORZ,1m
2024-09-13 14:14:00+00:00,10.702300071716309,10.702300071716309,10.718000411987305,10.6899995803833,10.704999923706055,21355.0,CORZ,1m
2024-09-13 14:15:00+00:00,10.6899995803833,10.6899995803833,10.704500198364258,10.6899995803833,10.699999809265137,14050.0,CORZ,1m
2024-09-13 14:16:00+00:00,10.710000038146973,10.710000038146973,10.710000038146973,10.65999984741211,10.689900398254395,31168.0,CORZ,1m
2024-09-13 14:17:00+00:00,10.670000076293945,10.670000076293945,10.699999809265137,10.670000076293945,10.699999809265137,17217.0,CORZ,1m
2024-09-13 14:18:00+00:00,10.65999984741211,10.65999984741211,10.682499885559082,10.649999618530273,10.680000305175781,28992.0,CORZ,1m
2024-09-13 14:19:00+00:00,10.630000114440918,10.630000114440918,10.65999984741211,10.630000114440918,10.65999984741211,9590.0,CORZ,1m
2024-09-13 14:20:00+00:00,10.640000343322754,10.640000343322754,10.667799949645996,10.620100021362305,10.640000343322754,50276.0,CORZ,1m
2024-09-13 14:21:00+00:00,10.640000343322754,10.640000343322754,10.645000457763672,10.619999885559082,10.640000343322754,17822.0,CORZ,1m
2024-09-13 14:22:00+00:00,10.635000228881836,10.635000228881836,10.649999618530273,10.635000228881836,10.645000457763672,25781.0,CORZ,1m
2024-09-13 14:23:00+00:00,10.630000114440918,10.630000114440918,10.670000076293945,10.630000114440918,10.635000228881836,37050.0,CORZ,1m
2024-09-13 14:24:00+00:00,10.649999618530273,10.649999618530273,10.650300025939941,10.619999885559082,10.619999885559082,15278.0,CORZ,1m
2024-09-13 14:25:00+00:00,10.625,10.625,10.65999984741211,10.625,10.645000457763672,15876.0,CORZ,1m
2024-09-13 14:26:00+00:00,10.579999923706055,10.579999923706055,10.619999885559082,10.574999809265137,10.619999885559082,43460.0,CORZ,1m
2024-09-13 14:27:00+00:00,10.59000015258789,10.59000015258789,10.609999656677246,10.5649995803833,10.579999923706055,18454.0,CORZ,1m
2024-09-13 14:28:00+00:00,10.604999542236328,10.604999542236328,10.604999542236328,10.5649995803833,10.595000267028809,7047.0,CORZ,1m
2024-09-13 14:29:00+00:00,10.580100059509277,10.580100059509277,10.604999542236328,10.579999923706055,10.604999542236328,4513.0,CORZ,1m
2024-09-13 14:30:00+00:00,10.529999732971191,10.529999732971191,10.574999809265137,10.520000457763672,10.574999809265137,28189.0,CORZ,1m
2024-09-13 14:31:00+00:00,10.529999732971191,10.529999732971191,10.545000076293945,10.5,10.529999732971191,40988.0,CORZ,1m
2024-09-13 14:32:00+00:00,10.599699974060059,10.599699974060059,10.599699974060059,10.529999732971191,10.53499984741211,17981.0,CORZ,1m
2024-09-13 14:33:00+00:00,10.5600004196167,10.5600004196167,10.600000381469727,10.555000305175781,10.597999572753906,13416.0,CORZ,1m
2024-09-13 14:34:00+00:00,10.59000015258789,10.59000015258789,10.600000381469727,10.555000305175781,10.555000305175781,13719.0,CORZ,1m
2024-09-13 14:35:00+00:00,10.53499984741211,10.53499984741211,10.579999923706055,10.53499984741211,10.579999923706055,17232.0,CORZ,1m
2024-09-13 14:36:00+00:00,10.574999809265137,10.574999809265137,10.59000015258789,10.529999732971191,10.53499984741211,53274.0,CORZ,1m
2024-09-13 14:37:00+00:00,10.5649995803833,10.5649995803833,10.59000015258789,10.544500350952148,10.574999809265137,39879.0,CORZ,1m
2024-09-13 14:38:00+00:00,10.5600004196167,10.5600004196167,10.578499794006348,10.550000190734863,10.5600004196167,12388.0,CORZ,1m
2024-09-13 14:39:00+00:00,10.579999923706055,10.579999923706055,10.59000015258789,10.569999694824219,10.569999694824219,11816.0,CORZ,1m
2024-09-13 14:40:00+00:00,10.604999542236328,10.604999542236328,10.609999656677246,10.59000015258789,10.59000015258789,15419.0,CORZ,1m
2024-09-13 14:41:00+00:00,10.574999809265137,10.574999809265137,10.600000381469727,10.569999694824219,10.595000267028809,11365.0,CORZ,1m
2024-09-13 14:42:00+00:00,10.574999809265137,10.574999809265137,10.574999809265137,10.569999694824219,10.574999809265137,3985.0,CORZ,1m
2024-09-13 14:43:00+00:00,10.670000076293945,10.670000076293945,10.680000305175781,10.574999809265137,10.579999923706055,80071.0,CORZ,1m
2024-09-13 14:44:00+00:00,10.774999618530273,10.774999618530273,10.800000190734863,10.640000343322754,10.65999984741211,289037.0,CORZ,1m
2024-09-13 14:45:00+00:00,10.755000114440918,10.755000114440918,10.774999618530273,10.730600357055664,10.770000457763672,82400.0,CORZ,1m
2024-09-13 14:46:00+00:00,10.889800071716309,10.889800071716309,10.890000343322754,10.760000228881836,10.760000228881836,176065.0,CORZ,1m
2024-09-13 14:47:00+00:00,10.880000114440918,10.880000114440918,10.890000343322754,10.805000305175781,10.890000343322754,215538.0,CORZ,1m
2024-09-13 14:48:00+00:00,10.885000228881836,10.885000228881836,10.890000343322754,10.845000267028809,10.869999885559082,69708.0,CORZ,1m
2024-09-13 14:49:00+00:00,10.885000228881836,10.885000228881836,10.899999618530273,10.869999885559082,10.885000228881836,236644.0,CORZ,1m
2024-09-13 14:50:00+00:00,10.859999656677246,10.859999656677246,10.895000457763672,10.850000381469727,10.885000228881836,55297.0,CORZ,1m
2024-09-13 14:51:00+00:00,10.779999732971191,10.779999732971191,10.864999771118164,10.779999732971191,10.864999771118164,71208.0,CORZ,1m
2024-09-13 14:52:00+00:00,10.854999542236328,10.854999542236328,10.854999542236328,10.779999732971191,10.78499984741211,72254.0,CORZ,1m
2024-09-13 14:53:00+00:00,10.925000190734863,10.925000190734863,10.9399995803833,10.854999542236328,10.854999542236328,105287.0,CORZ,1m
2024-09-13 14:54:00+00:00,11.154999732971191,11.154999732971191,11.170000076293945,10.90999984741211,10.920000076293945,901077.0,CORZ,1m
2024-09-13 14:55:00+00:00,11.270000457763672,11.270000457763672,11.319999694824219,11.15999984741211,11.170000076293945,379682.0,CORZ,1m
2024-09-13 14:56:00+00:00,11.220000267028809,11.220000267028809,11.265000343322754,11.130000114440918,11.265000343322754,175090.0,CORZ,1m
2024-09-13 14:57:00+00:00,11.135000228881836,11.135000228881836,11.210000038146973,11.119999885559082,11.210000038146973,149455.0,CORZ,1m
2024-09-13 14:58:00+00:00,11.079999923706055,11.079999923706055,11.149999618530273,11.050000190734863,11.131999969482422,149251.0,CORZ,1m
2024-09-13 14:59:00+00:00,11.135000228881836,11.135000228881836,11.149999618530273,11.119999885559082,11.137999534606934,99645.0,CORZ,1m
2024-09-13 15:00:00+00:00,11.109999656677246,11.109999656677246,11.170000076293945,11.109999656677246,11.140000343322754,97069.0,CORZ,1m
2024-09-13 15:01:00+00:00,11.100000381469727,11.100000381469727,11.118000030517578,11.010000228881836,11.109999656677246,100839.0,CORZ,1m
2024-09-13 15:02:00+00:00,11.055000305175781,11.055000305175781,11.1274995803833,11.050000190734863,11.114999771118164,59831.0,CORZ,1m
2024-09-13 15:03:00+00:00,11.04010009765625,11.04010009765625,11.0600004196167,11.010000228881836,11.0600004196167,90859.0,CORZ,1m
2024-09-13 15:04:00+00:00,11.074999809265137,11.074999809265137,11.079999923706055,11.020000457763672,11.045000076293945,26215.0,CORZ,1m
2024-09-13 15:05:00+00:00,11.069999694824219,11.069999694824219,11.100000381469727,11.069999694824219,11.074999809265137,37647.0,CORZ,1m
2024-09-13 15:06:00+00:00,11.058699607849121,11.058699607849121,11.059900283813477,11.024999618530273,11.024999618530273,55425.0,CORZ,1m
2024-09-13 15:07:00+00:00,11.045000076293945,11.045000076293945,11.0600004196167,11.015000343322754,11.055299758911133,45336.0,CORZ,1m
2024-09-13 15:08:00+00:00,11.054100036621094,11.054100036621094,11.119999885559082,11.039999961853027,11.045000076293945,52159.0,CORZ,1m
2024-09-13 15:09:00+00:00,11.109999656677246,11.109999656677246,11.119999885559082,11.039999961853027,11.055000305175781,41672.0,CORZ,1m
2024-09-13 15:10:00+00:00,11.071999549865723,11.071999549865723,11.140000343322754,11.069999694824219,11.119999885559082,56029.0,CORZ,1m
2024-09-13 15:11:00+00:00,11.085000038146973,11.085000038146973,11.109999656677246,11.069999694824219,11.072099685668945,19314.0,CORZ,1m
2024-09-13 15:12:00+00:00,11.0600004196167,11.0600004196167,11.09000015258789,11.0600004196167,11.086799621582031,38074.0,CORZ,1m
2024-09-13 15:13:00+00:00,11.074999809265137,11.074999809265137,11.085000038146973,11.0600004196167,11.069999694824219,53831.0,CORZ,1m
2024-09-13 15:14:00+00:00,11.027799606323242,11.027799606323242,11.069999694824219,11.027799606323242,11.069999694824219,12459.0,CORZ,1m
2024-09-13 15:15:00+00:00,11.015000343322754,11.015000343322754,11.029999732971191,11.005000114440918,11.020000457763672,43937.0,CORZ,1m
2024-09-13 15:16:00+00:00,11.010000228881836,11.010000228881836,11.039999961853027,11.010000228881836,11.020000457763672,31290.0,CORZ,1m
2024-09-13 15:17:00+00:00,10.961400032043457,10.961400032043457,11.005000114440918,10.9399995803833,11.000100135803223,60327.0,CORZ,1m
2024-09-13 15:18:00+00:00,10.961999893188477,10.961999893188477,10.96500015258789,10.920000076293945,10.944999694824219,25178.0,CORZ,1m
2024-09-13 15:19:00+00:00,10.97760009765625,10.97760009765625,10.979999542236328,10.970000267028809,10.970000267028809,9116.0,CORZ,1m
2024-09-13 15:20:00+00:00,10.975000381469727,10.975000381469727,10.984999656677246,10.96500015258789,10.975000381469727,30276.0,CORZ,1m
2024-09-13 15:21:00+00:00,11.010000228881836,11.010000228881836,11.020000457763672,10.970000267028809,10.975000381469727,29600.0,CORZ,1m
2024-09-13 15:22:00+00:00,11.0,11.0,11.017499923706055,10.989999771118164,11.015000343322754,88533.0,CORZ,1m
2024-09-13 15:23:00+00:00,10.9399995803833,10.9399995803833,11.015000343322754,10.925000190734863,11.005000114440918,55746.0,CORZ,1m
2024-09-13 15:24:00+00:00,10.984999656677246,10.984999656677246,10.989999771118164,10.9350004196167,10.944999694824219,26990.0,CORZ,1m
2024-09-13 15:25:00+00:00,11.020000457763672,11.020000457763672,11.024999618530273,10.984999656677246,10.989999771118164,85579.0,CORZ,1m
2024-09-13 15:26:00+00:00,11.024999618530273,11.024999618530273,11.039999961853027,11.010000228881836,11.018899917602539,41770.0,CORZ,1m
2024-09-13 15:27:00+00:00,11.09000015258789,11.09000015258789,11.09000015258789,10.979999542236328,11.020000457763672,68775.0,CORZ,1m
2024-09-13 15:28:00+00:00,11.015000343322754,11.015000343322754,11.095000267028809,11.015000343322754,11.09000015258789,65771.0,CORZ,1m
2024-09-13 15:29:00+00:00,10.979999542236328,10.979999542236328,11.015000343322754,10.979999542236328,11.015000343322754,21047.0,CORZ,1m
2024-09-13 15:30:00+00:00,11.069999694824219,11.069999694824219,11.074999809265137,10.979999542236328,10.984999656677246,35343.0,CORZ,1m
2024-09-13 15:31:00+00:00,11.045000076293945,11.045000076293945,11.069999694824219,11.039999961853027,11.0649995803833,29746.0,CORZ,1m
2024-09-13 15:32:00+00:00,11.069999694824219,11.069999694824219,11.069999694824219,11.010000228881836,11.039999961853027,38471.0,CORZ,1m
2024-09-13 15:33:00+00:00,11.0600004196167,11.0600004196167,11.114999771118164,11.0600004196167,11.069999694824219,37273.0,CORZ,1m
2024-09-13 15:34:00+00:00,11.069999694824219,11.069999694824219,11.085000038146973,11.0600004196167,11.069999694824219,26676.0,CORZ,1m
2024-09-13 15:35:00+00:00,11.062399864196777,11.062399864196777,11.079999923706055,11.0600004196167,11.069999694824219,24184.0,CORZ,1m
2024-09-13 15:36:00+00:00,11.04010009765625,11.04010009765625,11.069999694824219,11.024999618530273,11.0649995803833,36695.0,CORZ,1m
2024-09-13 15:37:00+00:00,11.005000114440918,11.005000114440918,11.045000076293945,10.989999771118164,11.042200088500977,23198.0,CORZ,1m
2024-09-13 15:38:00+00:00,10.994999885559082,10.994999885559082,11.024999618530273,10.989999771118164,11.010000228881836,10683.0,CORZ,1m
2024-09-13 15:39:00+00:00,10.954999923706055,10.954999923706055,10.998000144958496,10.9399995803833,10.989999771118164,61961.0,CORZ,1m
2024-09-13 15:40:00+00:00,10.994999885559082,10.994999885559082,11.0,10.949999809265137,10.949999809265137,11260.0,CORZ,1m
2024-09-13 15:41:00+00:00,10.989999771118164,10.989999771118164,11.005000114440918,10.989999771118164,11.0,12508.0,CORZ,1m
2024-09-13 15:42:00+00:00,11.005000114440918,11.005000114440918,11.005000114440918,10.994999885559082,10.999899864196777,8334.0,CORZ,1m
2024-09-13 15:43:00+00:00,11.03499984741211,11.03499984741211,11.039999961853027,11.005000114440918,11.010000228881836,40737.0,CORZ,1m
2024-09-13 15:44:00+00:00,11.03499984741211,11.03499984741211,11.039999961853027,11.024999618530273,11.03499984741211,70632.0,CORZ,1m
2024-09-13 15:45:00+00:00,11.039999961853027,11.039999961853027,11.039999961853027,11.024999618530273,11.03499984741211,20834.0,CORZ,1m
2024-09-13 15:46:00+00:00,11.029999732971191,11.029999732971191,11.050000190734863,11.029999732971191,11.045000076293945,20372.0,CORZ,1m
2024-09-13 15:47:00+00:00,11.03499984741211,11.03499984741211,11.045000076293945,11.029999732971191,11.038000106811523,10263.0,CORZ,1m
2024-09-13 15:48:00+00:00,11.030099868774414,11.030099868774414,11.050000190734863,11.024999618530273,11.03499984741211,35226.0,CORZ,1m
2024-09-13 15:49:00+00:00,11.020000457763672,11.020000457763672,11.029999732971191,11.010000228881836,11.020000457763672,14994.0,CORZ,1m
2024-09-13 15:50:00+00:00,11.045000076293945,11.045000076293945,11.050000190734863,11.015000343322754,11.015000343322754,32237.0,CORZ,1m
2024-09-13 15:51:00+00:00,11.015000343322754,11.015000343322754,11.050000190734863,11.005000114440918,11.050000190734863,26741.0,CORZ,1m
2024-09-13 15:52:00+00:00,11.010100364685059,11.010100364685059,11.050000190734863,11.010000228881836,11.015000343322754,35446.0,CORZ,1m
2024-09-13 15:53:00+00:00,10.954999923706055,10.954999923706055,11.015000343322754,10.949999809265137,11.015000343322754,35805.0,CORZ,1m
2024-09-13 15:54:00+00:00,10.994999885559082,10.994999885559082,11.0,10.949999809265137,10.954999923706055,36374.0,CORZ,1m
2024-09-13 15:55:00+00:00,11.045000076293945,11.045000076293945,11.050000190734863,10.989999771118164,11.0,42266.0,CORZ,1m
2024-09-13 15:56:00+00:00,10.994999885559082,10.994999885559082,11.039999961853027,10.990300178527832,11.039999961853027,22822.0,CORZ,1m
2024-09-13 15:57:00+00:00,10.984999656677246,10.984999656677246,11.005000114440918,10.970000267028809,10.994999885559082,21146.0,CORZ,1m
2024-09-13 15:58:00+00:00,11.029999732971191,11.029999732971191,11.039999961853027,10.98009967803955,10.98009967803955,40809.0,CORZ,1m
2024-09-13 15:59:00+00:00,11.024999618530273,11.024999618530273,11.046899795532227,11.020000457763672,11.045000076293945,18422.0,CORZ,1m
2024-09-13 16:00:00+00:00,11.0,11.0,11.020000457763672,10.979999542236328,11.020000457763672,43278.0,CORZ,1m
2024-09-13 16:01:00+00:00,10.994999885559082,10.994999885559082,11.0,10.970000267028809,10.992600440979004,35797.0,CORZ,1m
2024-09-13 16:02:00+00:00,10.970000267028809,10.970000267028809,10.989999771118164,10.954999923706055,10.989999771118164,14277.0,CORZ,1m
2024-09-13 16:03:00+00:00,10.970000267028809,10.970000267028809,10.975000381469727,10.930000305175781,10.975000381469727,25366.0,CORZ,1m
2024-09-13 16:04:00+00:00,10.970000267028809,10.970000267028809,10.970000267028809,10.96500015258789,10.96500015258789,1926.0,CORZ,1m
2024-09-13 16:05:00+00:00,10.975000381469727,10.975000381469727,10.975000381469727,10.960000038146973,10.96500015258789,9376.0,CORZ,1m
2024-09-13 16:06:00+00:00,10.920100212097168,10.920100212097168,10.975000381469727,10.920100212097168,10.970000267028809,18628.0,CORZ,1m
2024-09-13 16:07:00+00:00,10.960000038146973,10.960000038146973,10.960000038146973,10.920000076293945,10.922300338745117,17340.0,CORZ,1m
2024-09-13 16:08:00+00:00,10.954999923706055,10.954999923706055,10.970000267028809,10.949999809265137,10.959799766540527,26790.0,CORZ,1m
2024-09-13 16:09:00+00:00,10.9399995803833,10.9399995803833,10.956000328063965,10.9399995803833,10.956000328063965,2609.0,CORZ,1m
2024-09-13 16:10:00+00:00,10.9350004196167,10.9350004196167,10.9399995803833,10.921699523925781,10.925000190734863,5093.0,CORZ,1m
2024-09-13 16:11:00+00:00,10.949999809265137,10.949999809265137,10.949999809265137,10.930999755859375,10.940299987792969,10897.0,CORZ,1m
2024-09-13 16:12:00+00:00,10.949999809265137,10.949999809265137,10.949999809265137,10.944999694824219,10.949999809265137,2471.0,CORZ,1m
2024-09-13 16:13:00+00:00,10.913000106811523,10.913000106811523,10.949999809265137,10.913000106811523,10.949999809265137,9548.0,CORZ,1m
2024-09-13 16:14:00+00:00,10.914999961853027,10.914999961853027,10.920000076293945,10.890000343322754,10.912099838256836,40417.0,CORZ,1m
2024-09-13 16:15:00+00:00,10.911999702453613,10.911999702453613,10.925000190734863,10.910099983215332,10.910099983215332,7775.0,CORZ,1m
2024-09-13 16:16:00+00:00,10.920000076293945,10.920000076293945,10.9350004196167,10.914999961853027,10.914999961853027,4298.0,CORZ,1m
2024-09-13 16:17:00+00:00,10.928000450134277,10.928000450134277,10.930000305175781,10.920000076293945,10.920000076293945,5355.0,CORZ,1m
2024-09-13 16:18:00+00:00,10.9350004196167,10.9350004196167,10.944199562072754,10.930000305175781,10.930000305175781,2920.0,CORZ,1m
2024-09-13 16:19:00+00:00,10.949999809265137,10.949999809265137,10.949999809265137,10.9350004196167,10.9350004196167,3100.0,CORZ,1m
2024-09-13 16:20:00+00:00,10.960000038146973,10.960000038146973,10.960000038146973,10.944999694824219,10.944999694824219,2161.0,CORZ,1m
2024-09-13 16:21:00+00:00,10.949999809265137,10.949999809265137,10.960000038146973,10.949999809265137,10.960000038146973,6771.0,CORZ,1m
2024-09-13 16:22:00+00:00,10.9399995803833,10.9399995803833,10.944999694824219,10.9399995803833,10.944999694824219,4000.0,CORZ,1m
2024-09-13 16:23:00+00:00,10.9350004196167,10.9350004196167,10.949999809265137,10.923199653625488,10.9399995803833,10309.0,CORZ,1m
2024-09-13 16:24:00+00:00,10.954000473022461,10.954000473022461,10.959699630737305,10.9399995803833,10.9399995803833,6461.0,CORZ,1m
2024-09-13 16:25:00+00:00,10.934000015258789,10.934000015258789,10.96500015258789,10.934000015258789,10.95989990234375,10800.0,CORZ,1m
2024-09-13 16:26:00+00:00,10.9350004196167,10.9350004196167,10.937700271606445,10.929699897766113,10.930000305175781,3934.0,CORZ,1m
2024-09-13 16:27:00+00:00,10.930000305175781,10.930000305175781,10.930000305175781,10.925000190734863,10.925000190734863,4249.0,CORZ,1m
2024-09-13 16:28:00+00:00,10.899999618530273,10.899999618530273,10.920000076293945,10.899999618530273,10.920000076293945,10240.0,CORZ,1m
2024-09-13 16:29:00+00:00,10.904999732971191,10.904999732971191,10.920000076293945,10.904999732971191,10.90999984741211,19618.0,CORZ,1m
2024-09-13 16:30:00+00:00,10.920000076293945,10.920000076293945,10.920000076293945,10.904999732971191,10.904999732971191,9746.0,CORZ,1m
2024-09-13 16:31:00+00:00,10.930000305175781,10.930000305175781,10.930000305175781,10.914999961853027,10.920000076293945,11389.0,CORZ,1m
2024-09-13 16:32:00+00:00,10.900099754333496,10.900099754333496,10.928000450134277,10.899999618530273,10.925000190734863,9120.0,CORZ,1m
2024-09-13 16:33:00+00:00,10.899999618530273,10.899999618530273,10.904999732971191,10.880000114440918,10.899999618530273,27681.0,CORZ,1m
2024-09-13 16:34:00+00:00,10.90999984741211,10.90999984741211,10.90999984741211,10.890000343322754,10.895000457763672,16946.0,CORZ,1m
2024-09-13 16:35:00+00:00,10.900300025939941,10.900300025939941,10.90999984741211,10.899999618530273,10.90999984741211,5015.0,CORZ,1m
2024-09-13 16:36:00+00:00,10.829999923706055,10.829999923706055,10.907500267028809,10.829999923706055,10.907500267028809,67847.0,CORZ,1m
2024-09-13 16:37:00+00:00,10.864999771118164,10.864999771118164,10.865500450134277,10.829999923706055,10.835000038146973,20865.0,CORZ,1m
2024-09-13 16:38:00+00:00,10.817999839782715,10.817999839782715,10.864999771118164,10.8100004196167,10.864999771118164,27305.0,CORZ,1m
2024-09-13 16:39:00+00:00,10.835000038146973,10.835000038146973,10.859999656677246,10.800000190734863,10.8100004196167,58832.0,CORZ,1m
2024-09-13 16:40:00+00:00,10.84000015258789,10.84000015258789,10.845000267028809,10.835000038146973,10.84119987487793,6490.0,CORZ,1m
2024-09-13 16:41:00+00:00,10.850000381469727,10.850000381469727,10.869999885559082,10.841300010681152,10.841300010681152,9957.0,CORZ,1m
2024-09-13 16:42:00+00:00,10.84000015258789,10.84000015258789,10.856300354003906,10.835000038146973,10.845000267028809,6465.0,CORZ,1m
2024-09-13 16:43:00+00:00,10.835000038146973,10.835000038146973,10.838000297546387,10.829999923706055,10.837499618530273,8273.0,CORZ,1m
2024-09-13 16:44:00+00:00,10.835000038146973,10.835000038146973,10.835000038146973,10.811599731445312,10.835000038146973,28877.0,CORZ,1m
2024-09-13 16:45:00+00:00,10.8100004196167,10.8100004196167,10.829999923706055,10.779999732971191,10.819999694824219,68589.0,CORZ,1m
2024-09-13 16:46:00+00:00,10.770000457763672,10.770000457763672,10.81149959564209,10.770000457763672,10.8100004196167,25164.0,CORZ,1m
2024-09-13 16:47:00+00:00,10.784700393676758,10.784700393676758,10.789999961853027,10.76200008392334,10.76200008392334,30265.0,CORZ,1m
2024-09-13 16:48:00+00:00,10.8100004196167,10.8100004196167,10.819999694824219,10.789999961853027,10.789999961853027,8202.0,CORZ,1m
2024-09-13 16:49:00+00:00,10.829999923706055,10.829999923706055,10.829999923706055,10.800000190734863,10.8149995803833,27964.0,CORZ,1m
2024-09-13 16:50:00+00:00,10.880000114440918,10.880000114440918,10.885000228881836,10.819999694824219,10.819999694824219,16111.0,CORZ,1m
2024-09-13 16:51:00+00:00,10.899999618530273,10.899999618530273,10.899999618530273,10.878399848937988,10.878399848937988,34677.0,CORZ,1m
2024-09-13 16:52:00+00:00,10.900099754333496,10.900099754333496,10.954999923706055,10.895000457763672,10.895400047302246,52039.0,CORZ,1m
2024-09-13 16:53:00+00:00,10.890000343322754,10.890000343322754,10.904999732971191,10.875,10.904999732971191,117652.0,CORZ,1m
2024-09-13 16:54:00+00:00,10.88539981842041,10.88539981842041,10.890000343322754,10.885000228881836,10.889900207519531,136.0,CORZ,1m
2024-09-13 16:55:00+00:00,10.875,10.875,10.885000228881836,10.869999885559082,10.880000114440918,9673.0,CORZ,1m
2024-09-13 16:56:00+00:00,10.889800071716309,10.889800071716309,10.890000343322754,10.869999885559082,10.875,7629.0,CORZ,1m
2024-09-13 16:57:00+00:00,10.895000457763672,10.895000457763672,10.899999618530273,10.885000228881836,10.885000228881836,5817.0,CORZ,1m
2024-09-13 16:58:00+00:00,10.910200119018555,10.910200119018555,10.920000076293945,10.899999618530273,10.899999618530273,6922.0,CORZ,1m
2024-09-13 16:59:00+00:00,10.920000076293945,10.920000076293945,10.930000305175781,10.899999618530273,10.90999984741211,9174.0,CORZ,1m
2024-09-13 17:00:00+00:00,10.926199913024902,10.926199913024902,10.930000305175781,10.918700218200684,10.918700218200684,4905.0,CORZ,1m
2024-09-13 17:01:00+00:00,10.9350004196167,10.9350004196167,10.949999809265137,10.928099632263184,10.928099632263184,13276.0,CORZ,1m
2024-09-13 17:02:00+00:00,10.9399995803833,10.9399995803833,10.960000038146973,10.930000305175781,10.934300422668457,8708.0,CORZ,1m
2024-09-13 17:03:00+00:00,10.956899642944336,10.956899642944336,10.95989990234375,10.941300392150879,10.941300392150879,6087.0,CORZ,1m
2024-09-13 17:04:00+00:00,10.95680046081543,10.95680046081543,10.95740032196045,10.954999923706055,10.954999923706055,6497.0,CORZ,1m
2024-09-13 17:05:00+00:00,10.989999771118164,10.989999771118164,10.994999885559082,10.954999923706055,10.954999923706055,55200.0,CORZ,1m
2024-09-13 17:06:00+00:00,10.989999771118164,10.989999771118164,11.0,10.984999656677246,10.989999771118164,47226.0,CORZ,1m
2024-09-13 17:07:00+00:00,10.96500015258789,10.96500015258789,10.989899635314941,10.960000038146973,10.984999656677246,27115.0,CORZ,1m
2024-09-13 17:08:00+00:00,10.96500015258789,10.96500015258789,10.969900131225586,10.949999809265137,10.969900131225586,5630.0,CORZ,1m
2024-09-13 17:09:00+00:00,10.975000381469727,10.975000381469727,10.977999687194824,10.960000038146973,10.96500015258789,15524.0,CORZ,1m
2024-09-13 17:10:00+00:00,10.96500015258789,10.96500015258789,10.979999542236328,10.96500015258789,10.970100402832031,5949.0,CORZ,1m
2024-09-13 17:11:00+00:00,10.947999954223633,10.947999954223633,10.96500015258789,10.940099716186523,10.960000038146973,8254.0,CORZ,1m
2024-09-13 17:13:00+00:00,10.970000267028809,10.970000267028809,10.970000267028809,10.944000244140625,10.95989990234375,17569.0,CORZ,1m
2024-09-13 17:14:00+00:00,10.987500190734863,10.987500190734863,10.987500190734863,10.979999542236328,10.979999542236328,3976.0,CORZ,1m
2024-09-13 17:15:00+00:00,10.994999885559082,10.994999885559082,11.0,10.979999542236328,10.984999656677246,27951.0,CORZ,1m
2024-09-13 17:16:00+00:00,11.079999923706055,11.079999923706055,11.079999923706055,11.0,11.0,58891.0,CORZ,1m
2024-09-13 17:17:00+00:00,11.079999923706055,11.079999923706055,11.095000267028809,11.079999923706055,11.079999923706055,39480.0,CORZ,1m
2024-09-13 17:18:00+00:00,11.069999694824219,11.069999694824219,11.074999809265137,11.055000305175781,11.074999809265137,10016.0,CORZ,1m
2024-09-13 17:19:00+00:00,11.0378999710083,11.0378999710083,11.069999694824219,11.0378999710083,11.069999694824219,26202.0,CORZ,1m
2024-09-13 17:20:00+00:00,11.045000076293945,11.045000076293945,11.045000076293945,11.029999732971191,11.029999732971191,19788.0,CORZ,1m
2024-09-13 17:21:00+00:00,11.050000190734863,11.050000190734863,11.0600004196167,11.045000076293945,11.04800033569336,6095.0,CORZ,1m
2024-09-13 17:22:00+00:00,11.045000076293945,11.045000076293945,11.057700157165527,11.045000076293945,11.057700157165527,5164.0,CORZ,1m
2024-09-13 17:23:00+00:00,11.09000015258789,11.09000015258789,11.09000015258789,11.045000076293945,11.04990005493164,12329.0,CORZ,1m
2024-09-13 17:24:00+00:00,11.0600004196167,11.0600004196167,11.095000267028809,11.0600004196167,11.095000267028809,14290.0,CORZ,1m
2024-09-13 17:25:00+00:00,11.079999923706055,11.079999923706055,11.079999923706055,11.069999694824219,11.069999694824219,4681.0,CORZ,1m
2024-09-13 17:26:00+00:00,11.050000190734863,11.050000190734863,11.100000381469727,11.050000190734863,11.079999923706055,31326.0,CORZ,1m
2024-09-13 17:27:00+00:00,11.029999732971191,11.029999732971191,11.050000190734863,11.020000457763672,11.050000190734863,11327.0,CORZ,1m
2024-09-13 17:28:00+00:00,11.069999694824219,11.069999694824219,11.069999694824219,11.03499984741211,11.039999961853027,24088.0,CORZ,1m
2024-09-13 17:29:00+00:00,11.0600004196167,11.0600004196167,11.069999694824219,11.0600004196167,11.069999694824219,1083.0,CORZ,1m
2024-09-13 17:30:00+00:00,11.029999732971191,11.029999732971191,11.0600004196167,11.029999732971191,11.0600004196167,28207.0,CORZ,1m
2024-09-13 17:31:00+00:00,11.024999618530273,11.024999618530273,11.029899597167969,11.010000228881836,11.020000457763672,16120.0,CORZ,1m
2024-09-13 17:32:00+00:00,11.01990032196045,11.01990032196045,11.024999618530273,11.010000228881836,11.024999618530273,10314.0,CORZ,1m
2024-09-13 17:33:00+00:00,11.050000190734863,11.050000190734863,11.050000190734863,11.015000343322754,11.015000343322754,36163.0,CORZ,1m
2024-09-13 17:34:00+00:00,11.055000305175781,11.055000305175781,11.0600004196167,11.052200317382812,11.052200317382812,5133.0,CORZ,1m
2024-09-13 17:35:00+00:00,11.024999618530273,11.024999618530273,11.050000190734863,11.010000228881836,11.050000190734863,122975.0,CORZ,1m
2024-09-13 17:36:00+00:00,11.010000228881836,11.010000228881836,11.029999732971191,11.010000228881836,11.029999732971191,17790.0,CORZ,1m
2024-09-13 17:37:00+00:00,11.015000343322754,11.015000343322754,11.016900062561035,10.989999771118164,11.015000343322754,15194.0,CORZ,1m
2024-09-13 17:38:00+00:00,11.045000076293945,11.045000076293945,11.045000076293945,11.020000457763672,11.020000457763672,20191.0,CORZ,1m
2024-09-13 17:39:00+00:00,11.045000076293945,11.045000076293945,11.049799919128418,11.04010009765625,11.045000076293945,11864.0,CORZ,1m
2024-09-13 17:40:00+00:00,11.029999732971191,11.029999732971191,11.045000076293945,11.029999732971191,11.039999961853027,16915.0,CORZ,1m
2024-09-13 17:41:00+00:00,11.024999618530273,11.024999618530273,11.039999961853027,11.010000228881836,11.024999618530273,20608.0,CORZ,1m
2024-09-13 17:42:00+00:00,11.045000076293945,11.045000076293945,11.050000190734863,11.029999732971191,11.03499984741211,15248.0,CORZ,1m
2024-09-13 17:43:00+00:00,11.0649995803833,11.0649995803833,11.074999809265137,11.045000076293945,11.045000076293945,47793.0,CORZ,1m
2024-09-13 17:44:00+00:00,11.079999923706055,11.079999923706055,11.079999923706055,11.0600004196167,11.0649995803833,6276.0,CORZ,1m
2024-09-13 17:45:00+00:00,11.069999694824219,11.069999694824219,11.09000015258789,11.069999694824219,11.074999809265137,45490.0,CORZ,1m
2024-09-13 17:46:00+00:00,11.074999809265137,11.074999809265137,11.079999923706055,11.050000190734863,11.060199737548828,40465.0,CORZ,1m
2024-09-13 17:47:00+00:00,11.09000015258789,11.09000015258789,11.09000015258789,11.079999923706055,11.079999923706055,19271.0,CORZ,1m
2024-09-13 17:48:00+00:00,11.074999809265137,11.074999809265137,11.095000267028809,11.074999809265137,11.085000038146973,19684.0,CORZ,1m
2024-09-13 17:49:00+00:00,11.0649995803833,11.0649995803833,11.07699966430664,11.0600004196167,11.074999809265137,17261.0,CORZ,1m
2024-09-13 17:50:00+00:00,11.045000076293945,11.045000076293945,11.0649995803833,11.029999732971191,11.0649995803833,31023.0,CORZ,1m
2024-09-13 17:51:00+00:00,11.055000305175781,11.055000305175781,11.055000305175781,11.04010009765625,11.045000076293945,15827.0,CORZ,1m
2024-09-13 17:52:00+00:00,11.055000305175781,11.055000305175781,11.0600004196167,11.050000190734863,11.0556001663208,9225.0,CORZ,1m
2024-09-13 17:53:00+00:00,11.069999694824219,11.069999694824219,11.069999694824219,11.050100326538086,11.050100326538086,14918.0,CORZ,1m
2024-09-13 17:54:00+00:00,11.055000305175781,11.055000305175781,11.069999694824219,11.050000190734863,11.069999694824219,8466.0,CORZ,1m
2024-09-13 17:55:00+00:00,11.055000305175781,11.055000305175781,11.055000305175781,11.039999961853027,11.053000450134277,20934.0,CORZ,1m
2024-09-13 17:56:00+00:00,11.0649995803833,11.0649995803833,11.0649995803833,11.039999961853027,11.055000305175781,13110.0,CORZ,1m
2024-09-13 17:57:00+00:00,11.055000305175781,11.055000305175781,11.0600004196167,11.045000076293945,11.0600004196167,19926.0,CORZ,1m
2024-09-13 17:58:00+00:00,11.0649995803833,11.0649995803833,11.069999694824219,11.0600004196167,11.0600004196167,8608.0,CORZ,1m
2024-09-13 17:59:00+00:00,11.0600004196167,11.0600004196167,11.074999809265137,11.0600004196167,11.067999839782715,21119.0,CORZ,1m
2024-09-13 18:00:00+00:00,11.039999961853027,11.039999961853027,11.0649995803833,11.005000114440918,11.0649995803833,57446.0,CORZ,1m
2024-09-13 18:01:00+00:00,11.043600082397461,11.043600082397461,11.050000190734863,11.03499984741211,11.03499984741211,16649.0,CORZ,1m
2024-09-13 18:02:00+00:00,11.050200462341309,11.050200462341309,11.0600004196167,11.045000076293945,11.045000076293945,6197.0,CORZ,1m
2024-09-13 18:03:00+00:00,11.055000305175781,11.055000305175781,11.0600004196167,11.033900260925293,11.050000190734863,23102.0,CORZ,1m
2024-09-13 18:04:00+00:00,11.0600004196167,11.0600004196167,11.0649995803833,11.045000076293945,11.055000305175781,22774.0,CORZ,1m
2024-09-13 18:05:00+00:00,11.095000267028809,11.095000267028809,11.100000381469727,11.050000190734863,11.0649995803833,70820.0,CORZ,1m
2024-09-13 18:06:00+00:00,11.095000267028809,11.095000267028809,11.100000381469727,11.069999694824219,11.100000381469727,49021.0,CORZ,1m
2024-09-13 18:07:00+00:00,11.085000038146973,11.085000038146973,11.100000381469727,11.084500312805176,11.095000267028809,28466.0,CORZ,1m
2024-09-13 18:08:00+00:00,11.070099830627441,11.070099830627441,11.08899974822998,11.069999694824219,11.0871000289917,14615.0,CORZ,1m
2024-09-13 18:09:00+00:00,11.069999694824219,11.069999694824219,11.075200080871582,11.050000190734863,11.075200080871582,23210.0,CORZ,1m
2024-09-13 18:10:00+00:00,11.09000015258789,11.09000015258789,11.09000015258789,11.069999694824219,11.079999923706055,17745.0,CORZ,1m
2024-09-13 18:12:00+00:00,11.073800086975098,11.073800086975098,11.079999923706055,11.070199966430664,11.079999923706055,22989.0,CORZ,1m
2024-09-13 18:13:00+00:00,11.074999809265137,11.074999809265137,11.074999809265137,11.069999694824219,11.069999694824219,7226.0,CORZ,1m
2024-09-13 18:14:00+00:00,11.079999923706055,11.079999923706055,11.079999923706055,11.061400413513184,11.074999809265137,14325.0,CORZ,1m
2024-09-13 18:15:00+00:00,11.0600004196167,11.0600004196167,11.079999923706055,11.0600004196167,11.070099830627441,20566.0,CORZ,1m
2024-09-13 18:16:00+00:00,11.0649995803833,11.0649995803833,11.069999694824219,11.0600004196167,11.0600004196167,3463.0,CORZ,1m
2024-09-13 18:17:00+00:00,11.055000305175781,11.055000305175781,11.069999694824219,11.055000305175781,11.0649995803833,12272.0,CORZ,1m
2024-09-13 18:18:00+00:00,11.068900108337402,11.068900108337402,11.068900108337402,11.029999732971191,11.0600004196167,19282.0,CORZ,1m
2024-09-13 18:19:00+00:00,11.095000267028809,11.095000267028809,11.100000381469727,11.068099975585938,11.068099975585938,14665.0,CORZ,1m
2024-09-13 18:20:00+00:00,11.074999809265137,11.074999809265137,11.095000267028809,11.069999694824219,11.095000267028809,22807.0,CORZ,1m
2024-09-13 18:21:00+00:00,11.0649995803833,11.0649995803833,11.079899787902832,11.0600004196167,11.069999694824219,13699.0,CORZ,1m
2024-09-13 18:22:00+00:00,11.055000305175781,11.055000305175781,11.065999984741211,11.045000076293945,11.0600004196167,16452.0,CORZ,1m
2024-09-13 18:23:00+00:00,11.0600004196167,11.0600004196167,11.0600004196167,11.050000190734863,11.050999641418457,7324.0,CORZ,1m
2024-09-13 18:24:00+00:00,11.0600004196167,11.0600004196167,11.100000381469727,11.0600004196167,11.069999694824219,37765.0,CORZ,1m
2024-09-13 18:25:00+00:00,11.029999732971191,11.029999732971191,11.055000305175781,11.020000457763672,11.055000305175781,26366.0,CORZ,1m
2024-09-13 18:26:00+00:00,11.045000076293945,11.045000076293945,11.050000190734863,11.03499984741211,11.03499984741211,4796.0,CORZ,1m
2024-09-13 18:27:00+00:00,11.040200233459473,11.040200233459473,11.0600004196167,11.040200233459473,11.045000076293945,3677.0,CORZ,1m
2024-09-13 18:28:00+00:00,11.034199714660645,11.034199714660645,11.045000076293945,11.034199714660645,11.045000076293945,7025.0,CORZ,1m
2024-09-13 18:29:00+00:00,11.055000305175781,11.055000305175781,11.060999870300293,11.039999961853027,11.039999961853027,9552.0,CORZ,1m
2024-09-13 18:30:00+00:00,11.055000305175781,11.055000305175781,11.055000305175781,11.041000366210938,11.055000305175781,8351.0,CORZ,1m
2024-09-13 18:31:00+00:00,11.045000076293945,11.045000076293945,11.050100326538086,11.039999961853027,11.050100326538086,10707.0,CORZ,1m
2024-09-13 18:32:00+00:00,11.045000076293945,11.045000076293945,11.055000305175781,11.045000076293945,11.050000190734863,21065.0,CORZ,1m
2024-09-13 18:33:00+00:00,11.079999923706055,11.079999923706055,11.079999923706055,11.039999961853027,11.045000076293945,10578.0,CORZ,1m
2024-09-13 18:34:00+00:00,11.095000267028809,11.095000267028809,11.100000381469727,11.09000015258789,11.09000015258789,20446.0,CORZ,1m
2024-09-13 18:35:00+00:00,11.109999656677246,11.109999656677246,11.109999656677246,11.09000015258789,11.095000267028809,60219.0,CORZ,1m
2024-09-13 18:36:00+00:00,11.114999771118164,11.114999771118164,11.114999771118164,11.095000267028809,11.104999542236328,50298.0,CORZ,1m
2024-09-13 18:37:00+00:00,11.1850004196167,11.1850004196167,11.1850004196167,11.093000411987305,11.11400032043457,69783.0,CORZ,1m
2024-09-13 18:38:00+00:00,11.21969985961914,11.21969985961914,11.220000267028809,11.1899995803833,11.1899995803833,59339.0,CORZ,1m
2024-09-13 18:39:00+00:00,11.21500015258789,11.21500015258789,11.220000267028809,11.180000305175781,11.21500015258789,27758.0,CORZ,1m
2024-09-13 18:40:00+00:00,11.21500015258789,11.21500015258789,11.21500015258789,11.201199531555176,11.21500015258789,23431.0,CORZ,1m
2024-09-13 18:41:00+00:00,11.21500015258789,11.21500015258789,11.220000267028809,11.210000038146973,11.21500015258789,32320.0,CORZ,1m
2024-09-13 18:42:00+00:00,11.225000381469727,11.225000381469727,11.244999885559082,11.21500015258789,11.220000267028809,62729.0,CORZ,1m
2024-09-13 18:43:00+00:00,11.1899995803833,11.1899995803833,11.225000381469727,11.1899995803833,11.225000381469727,34071.0,CORZ,1m
2024-09-13 18:44:00+00:00,11.1850004196167,11.1850004196167,11.194999694824219,11.170000076293945,11.194999694824219,18842.0,CORZ,1m
2024-09-13 18:45:00+00:00,11.1899995803833,11.1899995803833,11.204999923706055,11.180000305175781,11.180000305175781,28239.0,CORZ,1m
2024-09-13 18:46:00+00:00,11.114999771118164,11.114999771118164,11.180100440979004,11.079999923706055,11.180000305175781,98895.0,CORZ,1m
2024-09-13 18:47:00+00:00,11.109999656677246,11.109999656677246,11.118000030517578,11.109999656677246,11.114999771118164,6954.0,CORZ,1m
2024-09-13 18:48:00+00:00,11.104999542236328,11.104999542236328,11.114999771118164,11.100000381469727,11.114999771118164,17399.0,CORZ,1m
2024-09-13 18:49:00+00:00,11.104999542236328,11.104999542236328,11.119999885559082,11.100000381469727,11.100000381469727,19655.0,CORZ,1m
2024-09-13 18:50:00+00:00,11.079999923706055,11.079999923706055,11.109999656677246,11.079999923706055,11.100000381469727,20484.0,CORZ,1m
2024-09-13 18:51:00+00:00,11.095000267028809,11.095000267028809,11.095000267028809,11.080100059509277,11.09000015258789,19918.0,CORZ,1m
2024-09-13 18:52:00+00:00,11.085000038146973,11.085000038146973,11.095000267028809,11.079999923706055,11.095000267028809,14383.0,CORZ,1m
2024-09-13 18:53:00+00:00,11.085000038146973,11.085000038146973,11.09000015258789,11.079999923706055,11.08549976348877,11324.0,CORZ,1m
2024-09-13 18:54:00+00:00,11.074999809265137,11.074999809265137,11.09000015258789,11.069999694824219,11.079999923706055,49527.0,CORZ,1m
2024-09-13 18:55:00+00:00,11.064499855041504,11.064499855041504,11.069999694824219,11.0600004196167,11.069999694824219,12894.0,CORZ,1m
2024-09-13 18:56:00+00:00,11.095000267028809,11.095000267028809,11.114999771118164,11.0600004196167,11.0649995803833,95995.0,CORZ,1m
2024-09-13 18:57:00+00:00,11.099499702453613,11.099499702453613,11.100000381469727,11.09000015258789,11.095000267028809,12441.0,CORZ,1m
2024-09-13 18:58:00+00:00,11.135000228881836,11.135000228881836,11.135000228881836,11.095000267028809,11.095000267028809,13259.0,CORZ,1m
2024-09-13 18:59:00+00:00,11.114999771118164,11.114999771118164,11.135000228881836,11.114999771118164,11.130000114440918,5264.0,CORZ,1m
2024-09-13 19:00:00+00:00,11.125,11.125,11.125,11.104999542236328,11.109999656677246,8015.0,CORZ,1m
2024-09-13 19:01:00+00:00,11.125,11.125,11.130000114440918,11.125,11.125,27210.0,CORZ,1m
2024-09-13 19:02:00+00:00,11.125,11.125,11.130000114440918,11.109999656677246,11.125,23855.0,CORZ,1m
2024-09-13 19:03:00+00:00,11.140000343322754,11.140000343322754,11.1850004196167,11.119999885559082,11.119999885559082,30863.0,CORZ,1m
2024-09-13 19:04:00+00:00,11.15999984741211,11.15999984741211,11.15999984741211,11.140000343322754,11.147500038146973,12367.0,CORZ,1m
2024-09-13 19:05:00+00:00,11.194999694824219,11.194999694824219,11.199999809265137,11.145000457763672,11.154999732971191,24538.0,CORZ,1m
2024-09-13 19:06:00+00:00,11.210000038146973,11.210000038146973,11.21500015258789,11.1983003616333,11.1983003616333,26691.0,CORZ,1m
2024-09-13 19:07:00+00:00,11.239999771118164,11.239999771118164,11.244999885559082,11.204999923706055,11.204999923706055,34249.0,CORZ,1m
2024-09-13 19:08:00+00:00,11.274999618530273,11.274999618530273,11.279999732971191,11.234999656677246,11.234999656677246,135440.0,CORZ,1m
2024-09-13 19:09:00+00:00,11.239999771118164,11.239999771118164,11.319999694824219,11.21500015258789,11.274999618530273,298913.0,CORZ,1m
2024-09-13 19:10:00+00:00,11.280099868774414,11.280099868774414,11.289999961853027,11.210000038146973,11.239999771118164,143780.0,CORZ,1m
2024-09-13 19:11:00+00:00,11.265000343322754,11.265000343322754,11.279999732971191,11.255000114440918,11.279999732971191,19978.0,CORZ,1m
2024-09-13 19:12:00+00:00,11.194999694824219,11.194999694824219,11.270000457763672,11.1899995803833,11.260000228881836,164051.0,CORZ,1m
2024-09-13 19:13:00+00:00,11.20460033416748,11.20460033416748,11.219799995422363,11.180000305175781,11.1899995803833,57182.0,CORZ,1m
2024-09-13 19:14:00+00:00,11.164999961853027,11.164999961853027,11.204999923706055,11.151900291442871,11.204999923706055,31336.0,CORZ,1m
2024-09-13 19:15:00+00:00,11.15999984741211,11.15999984741211,11.170000076293945,11.130000114440918,11.164999961853027,28507.0,CORZ,1m
2024-09-13 19:16:00+00:00,11.149999618530273,11.149999618530273,11.164999961853027,11.149999618530273,11.164999961853027,6048.0,CORZ,1m
2024-09-13 19:17:00+00:00,11.114999771118164,11.114999771118164,11.154999732971191,11.109999656677246,11.149999618530273,25105.0,CORZ,1m
2024-09-13 19:18:00+00:00,11.149999618530273,11.149999618530273,11.149999618530273,11.149999618530273,11.149999618530273,24585.0,CORZ,1m
2024-09-13 19:19:00+00:00,11.157699584960938,11.157699584960938,11.15999984741211,11.145999908447266,11.154999732971191,5953.0,CORZ,1m
2024-09-13 19:20:00+00:00,11.1850004196167,11.1850004196167,11.199999809265137,11.149999618530273,11.15250015258789,18934.0,CORZ,1m
2024-09-13 19:21:00+00:00,11.1850004196167,11.1850004196167,11.1899995803833,11.182499885559082,11.1850004196167,11786.0,CORZ,1m
2024-09-13 19:22:00+00:00,11.199999809265137,11.199999809265137,11.204999923706055,11.180000305175781,11.189900398254395,31329.0,CORZ,1m
2024-09-13 19:23:00+00:00,11.204999923706055,11.204999923706055,11.210000038146973,11.1899995803833,11.199999809265137,30441.0,CORZ,1m
2024-09-13 19:24:00+00:00,11.199999809265137,11.199999809265137,11.204999923706055,11.1850004196167,11.204999923706055,48021.0,CORZ,1m
2024-09-13 19:25:00+00:00,11.1899995803833,11.1899995803833,11.220000267028809,11.1899995803833,11.210000038146973,36701.0,CORZ,1m
2024-09-13 19:26:00+00:00,11.130000114440918,11.130000114440918,11.1899995803833,11.130000114440918,11.1899995803833,102584.0,CORZ,1m
2024-09-13 19:27:00+00:00,11.030200004577637,11.030200004577637,11.125,11.024999618530273,11.125,181620.0,CORZ,1m
2024-09-13 19:28:00+00:00,11.079999923706055,11.079999923706055,11.085000038146973,11.020000457763672,11.03499984741211,49356.0,CORZ,1m
2024-09-13 19:29:00+00:00,11.029999732971191,11.029999732971191,11.100000381469727,11.029999732971191,11.085000038146973,45618.0,CORZ,1m
2024-09-13 19:30:00+00:00,10.984999656677246,10.984999656677246,11.039999961853027,10.930000305175781,11.03499984741211,287767.0,CORZ,1m
2024-09-13 19:31:00+00:00,10.994999885559082,10.994999885559082,11.015000343322754,10.979999542236328,10.984999656677246,23619.0,CORZ,1m
2024-09-13 19:32:00+00:00,11.015000343322754,11.015000343322754,11.015000343322754,10.979999542236328,11.0,26406.0,CORZ,1m
2024-09-13 19:33:00+00:00,10.994999885559082,10.994999885559082,11.015000343322754,10.989999771118164,11.015000343322754,55193.0,CORZ,1m
2024-09-13 19:34:00+00:00,11.020000457763672,11.020000457763672,11.045000076293945,10.994999885559082,10.994999885559082,59454.0,CORZ,1m
2024-09-13 19:35:00+00:00,11.0649995803833,11.0649995803833,11.079999923706055,11.022500038146973,11.022500038146973,21381.0,CORZ,1m
2024-09-13 19:36:00+00:00,11.095000267028809,11.095000267028809,11.100000381469727,11.0600004196167,11.0649995803833,52426.0,CORZ,1m
2024-09-13 19:37:00+00:00,11.140000343322754,11.140000343322754,11.140000343322754,11.09000015258789,11.09469985961914,19355.0,CORZ,1m
2024-09-13 19:38:00+00:00,11.164999961853027,11.164999961853027,11.1899995803833,11.130000114440918,11.145000457763672,55845.0,CORZ,1m
2024-09-13 19:39:00+00:00,11.172499656677246,11.172499656677246,11.175000190734863,11.149999618530273,11.164999961853027,37636.0,CORZ,1m
2024-09-13 19:40:00+00:00,11.196999549865723,11.196999549865723,11.199999809265137,11.164999961853027,11.164999961853027,35204.0,CORZ,1m
2024-09-13 19:41:00+00:00,11.204999923706055,11.204999923706055,11.229999542236328,11.1899995803833,11.199999809265137,70569.0,CORZ,1m
2024-09-13 19:42:00+00:00,11.1899995803833,11.1899995803833,11.229999542236328,11.1899995803833,11.210000038146973,50225.0,CORZ,1m
2024-09-13 19:43:00+00:00,11.194999694824219,11.194999694824219,11.194999694824219,11.180000305175781,11.1899995803833,10034.0,CORZ,1m
2024-09-13 19:44:00+00:00,11.19950008392334,11.19950008392334,11.210000038146973,11.1899995803833,11.192500114440918,32688.0,CORZ,1m
2024-09-13 19:45:00+00:00,11.225000381469727,11.225000381469727,11.239999771118164,11.199999809265137,11.199999809265137,44142.0,CORZ,1m
2024-09-13 19:46:00+00:00,11.206199645996094,11.206199645996094,11.229900360107422,11.1899995803833,11.229900360107422,58381.0,CORZ,1m
2024-09-13 19:47:00+00:00,11.194999694824219,11.194999694824219,11.210000038146973,11.19260025024414,11.210000038146973,19477.0,CORZ,1m
2024-09-13 19:48:00+00:00,11.239999771118164,11.239999771118164,11.244999885559082,11.1899995803833,11.199999809265137,105805.0,CORZ,1m
2024-09-13 19:49:00+00:00,11.204999923706055,11.204999923706055,11.246800422668457,11.199999809265137,11.239999771118164,63709.0,CORZ,1m
2024-09-13 19:50:00+00:00,11.234999656677246,11.234999656677246,11.260000228881836,11.210000038146973,11.210000038146973,82485.0,CORZ,1m
2024-09-13 19:51:00+00:00,11.199999809265137,11.199999809265137,11.239999771118164,11.199999809265137,11.234999656677246,119073.0,CORZ,1m
2024-09-13 19:52:00+00:00,11.21500015258789,11.21500015258789,11.21500015258789,11.180000305175781,11.207500457763672,68895.0,CORZ,1m
2024-09-13 19:53:00+00:00,11.244999885559082,11.244999885559082,11.25,11.21500015258789,11.220000267028809,102192.0,CORZ,1m
2024-09-13 19:54:00+00:00,11.274999618530273,11.274999618530273,11.27970027923584,11.244999885559082,11.244999885559082,65167.0,CORZ,1m
2024-09-13 19:55:00+00:00,11.239999771118164,11.239999771118164,11.279999732971191,11.239999771118164,11.274999618530273,114387.0,CORZ,1m
2024-09-13 19:56:00+00:00,11.220000267028809,11.220000267028809,11.25,11.220000267028809,11.244999885559082,162472.0,CORZ,1m
2024-09-13 19:57:00+00:00,11.170100212097168,11.170100212097168,11.22659969329834,11.170100212097168,11.220000267028809,166440.0,CORZ,1m
2024-09-13 19:58:00+00:00,11.175000190734863,11.175000190734863,11.180000305175781,11.149999618530273,11.175000190734863,124467.0,CORZ,1m
2024-09-13 19:59:00+00:00,11.170000076293945,11.170000076293945,11.21500015258789,11.15999984741211,11.175000190734863,238541.0,CORZ,1m
2024-09-16 13:30:00+00:00,10.869999885559082,10.869999885559082,11.010000228881836,10.869999885559082,10.989999771118164,284124.0,CORZ,1m
2024-09-16 13:31:00+00:00,10.885000228881836,10.885000228881836,10.960000038146973,10.869999885559082,10.880000114440918,30754.0,CORZ,1m
2024-09-16 13:32:00+00:00,10.84000015258789,10.84000015258789,10.883999824523926,10.819999694824219,10.880000114440918,38858.0,CORZ,1m
2024-09-16 13:33:00+00:00,10.789999961853027,10.789999961853027,10.84119987487793,10.75,10.84000015258789,43691.0,CORZ,1m
2024-09-16 13:34:00+00:00,10.8149995803833,10.8149995803833,10.819999694824219,10.75,10.770000457763672,40655.0,CORZ,1m
2024-09-16 13:35:00+00:00,10.604999542236328,10.604999542236328,10.8100004196167,10.579999923706055,10.8100004196167,305173.0,CORZ,1m
2024-09-16 13:36:00+00:00,10.539999961853027,10.539999961853027,10.649999618530273,10.510000228881836,10.59000015258789,84856.0,CORZ,1m
2024-09-16 13:37:00+00:00,10.640000343322754,10.640000343322754,10.640000343322754,10.520000457763672,10.520000457763672,62178.0,CORZ,1m
2024-09-16 13:38:00+00:00,10.666799545288086,10.666799545288086,10.670000076293945,10.630000114440918,10.630000114440918,50092.0,CORZ,1m
2024-09-16 13:39:00+00:00,10.699999809265137,10.699999809265137,10.729999542236328,10.669899940490723,10.670000076293945,70572.0,CORZ,1m
2024-09-16 13:40:00+00:00,10.670000076293945,10.670000076293945,10.6899995803833,10.664999961853027,10.680000305175781,34638.0,CORZ,1m
2024-09-16 13:41:00+00:00,10.535300254821777,10.535300254821777,10.670000076293945,10.535300254821777,10.670000076293945,56432.0,CORZ,1m
2024-09-16 13:42:00+00:00,10.5600004196167,10.5600004196167,10.59000015258789,10.539999961853027,10.539999961853027,28261.0,CORZ,1m
2024-09-16 13:43:00+00:00,10.630000114440918,10.630000114440918,10.64900016784668,10.550000190734863,10.550000190734863,25068.0,CORZ,1m
2024-09-16 13:44:00+00:00,10.65999984741211,10.65999984741211,10.680000305175781,10.619999885559082,10.629899978637695,24479.0,CORZ,1m
2024-09-16 13:45:00+00:00,10.670000076293945,10.670000076293945,10.680000305175781,10.630000114440918,10.649999618530273,61872.0,CORZ,1m
2024-09-16 13:46:00+00:00,10.6850004196167,10.6850004196167,10.699999809265137,10.664999961853027,10.670000076293945,47766.0,CORZ,1m
2024-09-16 13:47:00+00:00,10.720000267028809,10.720000267028809,10.734999656677246,10.6850004196167,10.6850004196167,28227.0,CORZ,1m
2024-09-16 13:48:00+00:00,10.75,10.75,10.75,10.708800315856934,10.729999542236328,23110.0,CORZ,1m
2024-09-16 13:49:00+00:00,10.795000076293945,10.795000076293945,10.795000076293945,10.785099983215332,10.789999961853027,44210.0,CORZ,1m
2024-09-16 13:50:00+00:00,10.819999694824219,10.819999694824219,10.819999694824219,10.789999961853027,10.795000076293945,29696.0,CORZ,1m
2024-09-16 13:51:00+00:00,10.795000076293945,10.795000076293945,10.850000381469727,10.774999618530273,10.817999839782715,52034.0,CORZ,1m
2024-09-16 13:52:00+00:00,10.859999656677246,10.859999656677246,10.859999656677246,10.789999961853027,10.819999694824219,57804.0,CORZ,1m
2024-09-16 13:53:00+00:00,10.843099594116211,10.843099594116211,10.869999885559082,10.84000015258789,10.854900360107422,24718.0,CORZ,1m
2024-09-16 13:54:00+00:00,10.848199844360352,10.848199844360352,10.90999984741211,10.829999923706055,10.829999923706055,55728.0,CORZ,1m
2024-09-16 13:55:00+00:00,10.875,10.875,10.899999618530273,10.84000015258789,10.854999542236328,30245.0,CORZ,1m
2024-09-16 13:56:00+00:00,10.919899940490723,10.919899940490723,10.920000076293945,10.869999885559082,10.880000114440918,28988.0,CORZ,1m
2024-09-16 13:57:00+00:00,10.970000267028809,10.970000267028809,10.979999542236328,10.920000076293945,10.920000076293945,88811.0,CORZ,1m
2024-09-16 13:58:00+00:00,10.944999694824219,10.944999694824219,10.979900360107422,10.9350004196167,10.975000381469727,13721.0,CORZ,1m
2024-09-16 13:59:00+00:00,11.0,11.0,11.010000228881836,10.944999694824219,10.949999809265137,72980.0,CORZ,1m
2024-09-16 14:00:00+00:00,10.979999542236328,10.979999542236328,11.039999961853027,10.979999542236328,11.005000114440918,40094.0,CORZ,1m
2024-09-16 14:01:00+00:00,11.0,11.0,11.0,10.930000305175781,10.979999542236328,30261.0,CORZ,1m
2024-09-16 14:02:00+00:00,10.970000267028809,10.970000267028809,11.015000343322754,10.970000267028809,11.0,28472.0,CORZ,1m
2024-09-16 14:03:00+00:00,10.925000190734863,10.925000190734863,10.96500015258789,10.911999702453613,10.96500015258789,34543.0,CORZ,1m
2024-09-16 14:04:00+00:00,10.979999542236328,10.979999542236328,10.979999542236328,10.925000190734863,10.925000190734863,19638.0,CORZ,1m
2024-09-16 14:05:00+00:00,11.069999694824219,11.069999694824219,11.074999809265137,10.979999542236328,10.979999542236328,29052.0,CORZ,1m
2024-09-16 14:06:00+00:00,11.055000305175781,11.055000305175781,11.069899559020996,11.039999961853027,11.069899559020996,15767.0,CORZ,1m
2024-09-16 14:07:00+00:00,11.039999961853027,11.039999961853027,11.069999694824219,11.031999588012695,11.050000190734863,47905.0,CORZ,1m
2024-09-16 14:08:00+00:00,11.074999809265137,11.074999809265137,11.078300476074219,11.020000457763672,11.029999732971191,16354.0,CORZ,1m
2024-09-16 14:09:00+00:00,11.039999961853027,11.039999961853027,11.074999809265137,11.03499984741211,11.074999809265137,24922.0,CORZ,1m
2024-09-16 14:10:00+00:00,11.050000190734863,11.050000190734863,11.050000190734863,11.024999618530273,11.050000190734863,46159.0,CORZ,1m
2024-09-16 14:11:00+00:00,11.119999885559082,11.119999885559082,11.119999885559082,11.039999961853027,11.045000076293945,33205.0,CORZ,1m
2024-09-16 14:12:00+00:00,11.154800415039062,11.154800415039062,11.1899995803833,11.110199928283691,11.113800048828125,78934.0,CORZ,1m
2024-09-16 14:13:00+00:00,11.109999656677246,11.109999656677246,11.154999732971191,11.09000015258789,11.154999732971191,27543.0,CORZ,1m
2024-09-16 14:14:00+00:00,11.114999771118164,11.114999771118164,11.119999885559082,11.104999542236328,11.109999656677246,18032.0,CORZ,1m
2024-09-16 14:15:00+00:00,11.069999694824219,11.069999694824219,11.125,11.050000190734863,11.125,45675.0,CORZ,1m
2024-09-16 14:16:00+00:00,11.180000305175781,11.180000305175781,11.199999809265137,11.079999923706055,11.09000015258789,86468.0,CORZ,1m
2024-09-16 14:17:00+00:00,11.180000305175781,11.180000305175781,11.199999809265137,11.119999885559082,11.175000190734863,44211.0,CORZ,1m
2024-09-16 14:18:00+00:00,11.185999870300293,11.185999870300293,11.210000038146973,11.15999984741211,11.1850004196167,31766.0,CORZ,1m
2024-09-16 14:19:00+00:00,11.225000381469727,11.225000381469727,11.234999656677246,11.1850004196167,11.188699722290039,43732.0,CORZ,1m
2024-09-16 14:20:00+00:00,11.164999961853027,11.164999961853027,11.2298002243042,11.16100025177002,11.2298002243042,36135.0,CORZ,1m
2024-09-16 14:21:00+00:00,11.180000305175781,11.180000305175781,11.199999809265137,11.100000381469727,11.164999961853027,41332.0,CORZ,1m
2024-09-16 14:22:00+00:00,11.229900360107422,11.229900360107422,11.239999771118164,11.180000305175781,11.180000305175781,34891.0,CORZ,1m
2024-09-16 14:23:00+00:00,11.170999526977539,11.170999526977539,11.229999542236328,11.170999526977539,11.229999542236328,87814.0,CORZ,1m
2024-09-16 14:24:00+00:00,11.179900169372559,11.179900169372559,11.1899995803833,11.170000076293945,11.1850004196167,18331.0,CORZ,1m
2024-09-16 14:25:00+00:00,11.211999893188477,11.211999893188477,11.225000381469727,11.180000305175781,11.180000305175781,17068.0,CORZ,1m
2024-09-16 14:26:00+00:00,11.180000305175781,11.180000305175781,11.21500015258789,11.15999984741211,11.21500015258789,13506.0,CORZ,1m
2024-09-16 14:27:00+00:00,11.225000381469727,11.225000381469727,11.229999542236328,11.15999984741211,11.175000190734863,29105.0,CORZ,1m
2024-09-16 14:28:00+00:00,11.220000267028809,11.220000267028809,11.279999732971191,11.204999923706055,11.220000267028809,60067.0,CORZ,1m
2024-09-16 14:29:00+00:00,11.1899995803833,11.1899995803833,11.210000038146973,11.149999618530273,11.210000038146973,24468.0,CORZ,1m
2024-09-16 14:30:00+00:00,11.09000015258789,11.09000015258789,11.220000267028809,11.09000015258789,11.1899995803833,53466.0,CORZ,1m
2024-09-16 14:31:00+00:00,11.104999542236328,11.104999542236328,11.135000228881836,11.069999694824219,11.09000015258789,43852.0,CORZ,1m
2024-09-16 14:32:00+00:00,11.079999923706055,11.079999923706055,11.135000228881836,11.079999923706055,11.109999656677246,41064.0,CORZ,1m
2024-09-16 14:33:00+00:00,11.050000190734863,11.050000190734863,11.095000267028809,11.029999732971191,11.095000267028809,49489.0,CORZ,1m
2024-09-16 14:34:00+00:00,11.031499862670898,11.031499862670898,11.069999694824219,10.979999542236328,11.050000190734863,53368.0,CORZ,1m
2024-09-16 14:35:00+00:00,11.100000381469727,11.100000381469727,11.100000381469727,11.024999618530273,11.029999732971191,13218.0,CORZ,1m
2024-09-16 14:36:00+00:00,11.095000267028809,11.095000267028809,11.109999656677246,11.050000190734863,11.09000015258789,24174.0,CORZ,1m
2024-09-16 14:37:00+00:00,11.149999618530273,11.149999618530273,11.170000076293945,11.100000381469727,11.100000381469727,22288.0,CORZ,1m
2024-09-16 14:38:00+00:00,11.119999885559082,11.119999885559082,11.170000076293945,11.114999771118164,11.145000457763672,21313.0,CORZ,1m
2024-09-16 14:39:00+00:00,11.095000267028809,11.095000267028809,11.114999771118164,11.0649995803833,11.109999656677246,17590.0,CORZ,1m
2024-09-16 14:40:00+00:00,11.170000076293945,11.170000076293945,11.180000305175781,11.095000267028809,11.095000267028809,18661.0,CORZ,1m
2024-09-16 14:41:00+00:00,11.229999542236328,11.229999542236328,11.229999542236328,11.170000076293945,11.170000076293945,11338.0,CORZ,1m
2024-09-16 14:42:00+00:00,11.24940013885498,11.24940013885498,11.26669979095459,11.21500015258789,11.234999656677246,76757.0,CORZ,1m
2024-09-16 14:43:00+00:00,11.15999984741211,11.15999984741211,11.260000228881836,11.15999984741211,11.260000228881836,19329.0,CORZ,1m
2024-09-16 14:44:00+00:00,11.239999771118164,11.239999771118164,11.249799728393555,11.164999961853027,11.164999961853027,24994.0,CORZ,1m
2024-09-16 14:45:00+00:00,11.203200340270996,11.203200340270996,11.239999771118164,11.1899995803833,11.239999771118164,29911.0,CORZ,1m
2024-09-16 14:46:00+00:00,11.220000267028809,11.220000267028809,11.220000267028809,11.194999694824219,11.204999923706055,20781.0,CORZ,1m
2024-09-16 14:47:00+00:00,11.210200309753418,11.210200309753418,11.225000381469727,11.210200309753418,11.21500015258789,13762.0,CORZ,1m
2024-09-16 14:48:00+00:00,11.1899995803833,11.1899995803833,11.210000038146973,11.1850004196167,11.210000038146973,4037.0,CORZ,1m
2024-09-16 14:49:00+00:00,11.229999542236328,11.229999542236328,11.229999542236328,11.199999809265137,11.199999809265137,22422.0,CORZ,1m
2024-09-16 14:50:00+00:00,11.26830005645752,11.26830005645752,11.26830005645752,11.225000381469727,11.229900360107422,23006.0,CORZ,1m
2024-09-16 14:51:00+00:00,11.260000228881836,11.260000228881836,11.289999961853027,11.244999885559082,11.270000457763672,50577.0,CORZ,1m
2024-09-16 14:52:00+00:00,11.239999771118164,11.239999771118164,11.260000228881836,11.229999542236328,11.260000228881836,6945.0,CORZ,1m
2024-09-16 14:53:00+00:00,11.265000343322754,11.265000343322754,11.270000457763672,11.239999771118164,11.239999771118164,6959.0,CORZ,1m
2024-09-16 14:54:00+00:00,11.270000457763672,11.270000457763672,11.3100004196167,11.260000228881836,11.265000343322754,77834.0,CORZ,1m
2024-09-16 14:55:00+00:00,11.255000114440918,11.255000114440918,11.300000190734863,11.25,11.270000457763672,43425.0,CORZ,1m
2024-09-16 14:56:00+00:00,11.244999885559082,11.244999885559082,11.265000343322754,11.229999542236328,11.25,13641.0,CORZ,1m
2024-09-16 14:57:00+00:00,11.220100402832031,11.220100402832031,11.25,11.210000038146973,11.25,10107.0,CORZ,1m
2024-09-16 14:58:00+00:00,11.239999771118164,11.239999771118164,11.25,11.21500015258789,11.225000381469727,24430.0,CORZ,1m
2024-09-16 14:59:00+00:00,11.220000267028809,11.220000267028809,11.240099906921387,11.210000038146973,11.239999771118164,19135.0,CORZ,1m
2024-09-16 15:00:00+00:00,11.229999542236328,11.229999542236328,11.229999542236328,11.1899995803833,11.199999809265137,7763.0,CORZ,1m
2024-09-16 15:01:00+00:00,11.270099639892578,11.270099639892578,11.279999732971191,11.220100402832031,11.225000381469727,19553.0,CORZ,1m
2024-09-16 15:02:00+00:00,11.265000343322754,11.265000343322754,11.279999732971191,11.25,11.279999732971191,9831.0,CORZ,1m
2024-09-16 15:03:00+00:00,11.234999656677246,11.234999656677246,11.25,11.225000381469727,11.25,4442.0,CORZ,1m
2024-09-16 15:04:00+00:00,11.255000114440918,11.255000114440918,11.260000228881836,11.25,11.25,3258.0,CORZ,1m
2024-09-16 15:05:00+00:00,11.295000076293945,11.295000076293945,11.309700012207031,11.279999732971191,11.279999732971191,11415.0,CORZ,1m
2024-09-16 15:06:00+00:00,11.350000381469727,11.350000381469727,11.390000343322754,11.300000190734863,11.300000190734863,145930.0,CORZ,1m
2024-09-16 15:07:00+00:00,11.449899673461914,11.449899673461914,11.449899673461914,11.340100288391113,11.345000267028809,53395.0,CORZ,1m
2024-09-16 15:08:00+00:00,11.399999618530273,11.399999618530273,11.449999809265137,11.399999618530273,11.449999809265137,43542.0,CORZ,1m
2024-09-16 15:09:00+00:00,11.399999618530273,11.399999618530273,11.420000076293945,11.380000114440918,11.39330005645752,22137.0,CORZ,1m
2024-09-16 15:10:00+00:00,11.40999984741211,11.40999984741211,11.420000076293945,11.399999618530273,11.407600402832031,30572.0,CORZ,1m
2024-09-16 15:11:00+00:00,11.380000114440918,11.380000114440918,11.405900001525879,11.364999771118164,11.405900001525879,15629.0,CORZ,1m
2024-09-16 15:12:00+00:00,11.359999656677246,11.359999656677246,11.395000457763672,11.350000381469727,11.38599967956543,17452.0,CORZ,1m
2024-09-16 15:13:00+00:00,11.369999885559082,11.369999885559082,11.389900207519531,11.369999885559082,11.369999885559082,7469.0,CORZ,1m
2024-09-16 15:14:00+00:00,11.375,11.375,11.399999618530273,11.375,11.375,16056.0,CORZ,1m
2024-09-16 15:15:00+00:00,11.319999694824219,11.319999694824219,11.375,11.319999694824219,11.375,38822.0,CORZ,1m
2024-09-16 15:16:00+00:00,11.242799758911133,11.242799758911133,11.329999923706055,11.239999771118164,11.3100004196167,53152.0,CORZ,1m
2024-09-16 15:17:00+00:00,11.260000228881836,11.260000228881836,11.279999732971191,11.242199897766113,11.242199897766113,18803.0,CORZ,1m
2024-09-16 15:18:00+00:00,11.265000343322754,11.265000343322754,11.279800415039062,11.24209976196289,11.25,19197.0,CORZ,1m
2024-09-16 15:19:00+00:00,11.289999961853027,11.289999961853027,11.300000190734863,11.260000228881836,11.270000457763672,33251.0,CORZ,1m
2024-09-16 15:20:00+00:00,11.274999618530273,11.274999618530273,11.289999961853027,11.260000228881836,11.289999961853027,22251.0,CORZ,1m
2024-09-16 15:21:00+00:00,11.300000190734863,11.300000190734863,11.300000190734863,11.260000228881836,11.279999732971191,9290.0,CORZ,1m
2024-09-16 15:22:00+00:00,11.274999618530273,11.274999618530273,11.29990005493164,11.270000457763672,11.295000076293945,12456.0,CORZ,1m
2024-09-16 15:23:00+00:00,11.295000076293945,11.295000076293945,11.3100004196167,11.274999618530273,11.274999618530273,36768.0,CORZ,1m
2024-09-16 15:24:00+00:00,11.34000015258789,11.34000015258789,11.350000381469727,11.298700332641602,11.300000190734863,21193.0,CORZ,1m
2024-09-16 15:25:00+00:00,11.3100004196167,11.3100004196167,11.359999656677246,11.3100004196167,11.350000381469727,19338.0,CORZ,1m
2024-09-16 15:26:00+00:00,11.339699745178223,11.339699745178223,11.350000381469727,11.3100004196167,11.3100004196167,18090.0,CORZ,1m
2024-09-16 15:27:00+00:00,11.300000190734863,11.300000190734863,11.329999923706055,11.295000076293945,11.329999923706055,6960.0,CORZ,1m
2024-09-16 15:28:00+00:00,11.345000267028809,11.345000267028809,11.350000381469727,11.295000076293945,11.295000076293945,10162.0,CORZ,1m
2024-09-16 15:29:00+00:00,11.35990047454834,11.35990047454834,11.35990047454834,11.34000015258789,11.350000381469727,24090.0,CORZ,1m
2024-09-16 15:30:00+00:00,11.359999656677246,11.359999656677246,11.364999771118164,11.349699974060059,11.354999542236328,8725.0,CORZ,1m
2024-09-16 15:31:00+00:00,11.289999961853027,11.289999961853027,11.380000114440918,11.289999961853027,11.364999771118164,35098.0,CORZ,1m
2024-09-16 15:32:00+00:00,11.295000076293945,11.295000076293945,11.3149995803833,11.289999961853027,11.289999961853027,10473.0,CORZ,1m
2024-09-16 15:33:00+00:00,11.3100004196167,11.3100004196167,11.319899559020996,11.300000190734863,11.300000190734863,13738.0,CORZ,1m
2024-09-16 15:34:00+00:00,11.3100004196167,11.3100004196167,11.324999809265137,11.300000190734863,11.305000305175781,53832.0,CORZ,1m
2024-09-16 15:35:00+00:00,11.270000457763672,11.270000457763672,11.319999694824219,11.270000457763672,11.319999694824219,7388.0,CORZ,1m
2024-09-16 15:36:00+00:00,11.270000457763672,11.270000457763672,11.270000457763672,11.239999771118164,11.270000457763672,13004.0,CORZ,1m
2024-09-16 15:37:00+00:00,11.284199714660645,11.284199714660645,11.300000190734863,11.255000114440918,11.270000457763672,17349.0,CORZ,1m
2024-09-16 15:38:00+00:00,11.253299713134766,11.253299713134766,11.279999732971191,11.244999885559082,11.279999732971191,9473.0,CORZ,1m
2024-09-16 15:39:00+00:00,11.229999542236328,11.229999542236328,11.25,11.229999542236328,11.25,5595.0,CORZ,1m
2024-09-16 15:40:00+00:00,11.234999656677246,11.234999656677246,11.2431001663208,11.210100173950195,11.229999542236328,24301.0,CORZ,1m
2024-09-16 15:41:00+00:00,11.239999771118164,11.239999771118164,11.239999771118164,11.234999656677246,11.239999771118164,6103.0,CORZ,1m
2024-09-16 15:42:00+00:00,11.239999771118164,11.239999771118164,11.239999771118164,11.229999542236328,11.234999656677246,1305.0,CORZ,1m
2024-09-16 15:43:00+00:00,11.270000457763672,11.270000457763672,11.270000457763672,11.244999885559082,11.244999885559082,4355.0,CORZ,1m
2024-09-16 15:44:00+00:00,11.25,11.25,11.260000228881836,11.246600151062012,11.260000228881836,3277.0,CORZ,1m
2024-09-16 15:45:00+00:00,11.21500015258789,11.21500015258789,11.239999771118164,11.199999809265137,11.239999771118164,17494.0,CORZ,1m
2024-09-16 15:46:00+00:00,11.15999984741211,11.15999984741211,11.229999542236328,11.149999618530273,11.204999923706055,36463.0,CORZ,1m
2024-09-16 15:47:00+00:00,11.194999694824219,11.194999694824219,11.194999694824219,11.15999984741211,11.164999961853027,11999.0,CORZ,1m
2024-09-16 15:48:00+00:00,11.210000038146973,11.210000038146973,11.220000267028809,11.199999809265137,11.199999809265137,23423.0,CORZ,1m
2024-09-16 15:49:00+00:00,11.194999694824219,11.194999694824219,11.210000038146973,11.175000190734863,11.199999809265137,8219.0,CORZ,1m
2024-09-16 15:50:00+00:00,11.1899995803833,11.1899995803833,11.199999809265137,11.180000305175781,11.194999694824219,6749.0,CORZ,1m
2024-09-16 15:51:00+00:00,11.229999542236328,11.229999542236328,11.229999542236328,11.1899995803833,11.1899995803833,3072.0,CORZ,1m
2024-09-16 15:52:00+00:00,11.220000267028809,11.220000267028809,11.229999542236328,11.220000267028809,11.225000381469727,2458.0,CORZ,1m
2024-09-16 15:53:00+00:00,11.239999771118164,11.239999771118164,11.25,11.220000267028809,11.220000267028809,8568.0,CORZ,1m
2024-09-16 15:54:00+00:00,11.265000343322754,11.265000343322754,11.270000457763672,11.239999771118164,11.239999771118164,6800.0,CORZ,1m
2024-09-16 15:55:00+00:00,11.239999771118164,11.239999771118164,11.270000457763672,11.239999771118164,11.265000343322754,15244.0,CORZ,1m
2024-09-16 15:56:00+00:00,11.25,11.25,11.25,11.220000267028809,11.234999656677246,8613.0,CORZ,1m
2024-09-16 15:57:00+00:00,11.244999885559082,11.244999885559082,11.260000228881836,11.239999771118164,11.239999771118164,3459.0,CORZ,1m
2024-09-16 15:58:00+00:00,11.270000457763672,11.270000457763672,11.279999732971191,11.239999771118164,11.25,7784.0,CORZ,1m
2024-09-16 15:59:00+00:00,11.265000343322754,11.265000343322754,11.268799781799316,11.255000114440918,11.268799781799316,3042.0,CORZ,1m
2024-09-16 16:00:00+00:00,11.300000190734863,11.300000190734863,11.300000190734863,11.279999732971191,11.279999732971191,4772.0,CORZ,1m
2024-09-16 16:01:00+00:00,11.303999900817871,11.303999900817871,11.3100004196167,11.295000076293945,11.300000190734863,2637.0,CORZ,1m
2024-09-16 16:02:00+00:00,11.309900283813477,11.309900283813477,11.309900283813477,11.300000190734863,11.300000190734863,2340.0,CORZ,1m
2024-09-16 16:03:00+00:00,11.289999961853027,11.289999961853027,11.29010009765625,11.289999961853027,11.289999961853027,3399.0,CORZ,1m
2024-09-16 16:04:00+00:00,11.265000343322754,11.265000343322754,11.289999961853027,11.265000343322754,11.28499984741211,5551.0,CORZ,1m
2024-09-16 16:05:00+00:00,11.270000457763672,11.270000457763672,11.270000457763672,11.255000114440918,11.260000228881836,3571.0,CORZ,1m
2024-09-16 16:06:00+00:00,11.287699699401855,11.287699699401855,11.289999961853027,11.265000343322754,11.265000343322754,5998.0,CORZ,1m
2024-09-16 16:07:00+00:00,11.295700073242188,11.295700073242188,11.300000190734863,11.294300079345703,11.295000076293945,22623.0,CORZ,1m
2024-09-16 16:08:00+00:00,11.344599723815918,11.344599723815918,11.345000267028809,11.297900199890137,11.297900199890137,50185.0,CORZ,1m
2024-09-16 16:09:00+00:00,11.320099830627441,11.320099830627441,11.350000381469727,11.320099830627441,11.350000381469727,9191.0,CORZ,1m
2024-09-16 16:10:00+00:00,11.305000305175781,11.305000305175781,11.319999694824219,11.295000076293945,11.319999694824219,10965.0,CORZ,1m
2024-09-16 16:11:00+00:00,11.300000190734863,11.300000190734863,11.319999694824219,11.289999961853027,11.310999870300293,10004.0,CORZ,1m
2024-09-16 16:12:00+00:00,11.25,11.25,11.289999961853027,11.25,11.289999961853027,16437.0,CORZ,1m
2024-09-16 16:13:00+00:00,11.265000343322754,11.265000343322754,11.265000343322754,11.244999885559082,11.255000114440918,8147.0,CORZ,1m
2024-09-16 16:15:00+00:00,11.305000305175781,11.305000305175781,11.3100004196167,11.289999961853027,11.300000190734863,26486.0,CORZ,1m
2024-09-16 16:16:00+00:00,11.274999618530273,11.274999618530273,11.289999961853027,11.270000457763672,11.289999961853027,4498.0,CORZ,1m
2024-09-16 16:17:00+00:00,11.28499984741211,11.28499984741211,11.300000190734863,11.265000343322754,11.270099639892578,12718.0,CORZ,1m
2024-09-16 16:18:00+00:00,11.3100004196167,11.3100004196167,11.3100004196167,11.270099639892578,11.279999732971191,4347.0,CORZ,1m
2024-09-16 16:19:00+00:00,11.329999923706055,11.329999923706055,11.329999923706055,11.3100004196167,11.3149995803833,3785.0,CORZ,1m
2024-09-16 16:20:00+00:00,11.329999923706055,11.329999923706055,11.34000015258789,11.319999694824219,11.329899787902832,9567.0,CORZ,1m
2024-09-16 16:21:00+00:00,11.300000190734863,11.300000190734863,11.335000038146973,11.300000190734863,11.329999923706055,4813.0,CORZ,1m
2024-09-16 16:22:00+00:00,11.329999923706055,11.329999923706055,11.329999923706055,11.30270004272461,11.3100004196167,2602.0,CORZ,1m
2024-09-16 16:23:00+00:00,11.3149995803833,11.3149995803833,11.329999923706055,11.3149995803833,11.329999923706055,6872.0,CORZ,1m
2024-09-16 16:24:00+00:00,11.3100004196167,11.3100004196167,11.319999694824219,11.3100004196167,11.319999694824219,1037.0,CORZ,1m
2024-09-16 16:25:00+00:00,11.343999862670898,11.343999862670898,11.350000381469727,11.319899559020996,11.319899559020996,20416.0,CORZ,1m
2024-09-16 16:26:00+00:00,11.359999656677246,11.359999656677246,11.359999656677246,11.34000015258789,11.34000015258789,13720.0,CORZ,1m
2024-09-16 16:27:00+00:00,11.350000381469727,11.350000381469727,11.359999656677246,11.350000381469727,11.354999542236328,3805.0,CORZ,1m
2024-09-16 16:28:00+00:00,11.369999885559082,11.369999885559082,11.37969970703125,11.354999542236328,11.354999542236328,9352.0,CORZ,1m
2024-09-16 16:29:00+00:00,11.345000267028809,11.345000267028809,11.369999885559082,11.345000267028809,11.364999771118164,13073.0,CORZ,1m
2024-09-16 16:30:00+00:00,11.34000015258789,11.34000015258789,11.350000381469727,11.34000015258789,11.345000267028809,1365.0,CORZ,1m
2024-09-16 16:31:00+00:00,11.3149995803833,11.3149995803833,11.350000381469727,11.314499855041504,11.350000381469727,6520.0,CORZ,1m
2024-09-16 16:32:00+00:00,11.305000305175781,11.305000305175781,11.324999809265137,11.305000305175781,11.319999694824219,3672.0,CORZ,1m
2024-09-16 16:33:00+00:00,11.3149995803833,11.3149995803833,11.3149995803833,11.305000305175781,11.305000305175781,3543.0,CORZ,1m
2024-09-16 16:34:00+00:00,11.285200119018555,11.285200119018555,11.319999694824219,11.274999618530273,11.319999694824219,17744.0,CORZ,1m
2024-09-16 16:35:00+00:00,11.29010009765625,11.29010009765625,11.300000190734863,11.289999961853027,11.289999961853027,3478.0,CORZ,1m
2024-09-16 16:36:00+00:00,11.289999961853027,11.289999961853027,11.289999961853027,11.279999732971191,11.289999961853027,4897.0,CORZ,1m
2024-09-16 16:37:00+00:00,11.289999961853027,11.289999961853027,11.289999961853027,11.274999618530273,11.279999732971191,4550.0,CORZ,1m
2024-09-16 16:38:00+00:00,11.300000190734863,11.300000190734863,11.300000190734863,11.289999961853027,11.300000190734863,5158.0,CORZ,1m
2024-09-16 16:39:00+00:00,11.309900283813477,11.309900283813477,11.3100004196167,11.295000076293945,11.300000190734863,7483.0,CORZ,1m
2024-09-16 16:40:00+00:00,11.319999694824219,11.319999694824219,11.319999694824219,11.300000190734863,11.309300422668457,8623.0,CORZ,1m
2024-09-16 16:41:00+00:00,11.329999923706055,11.329999923706055,11.329999923706055,11.3149995803833,11.3149995803833,8265.0,CORZ,1m
2024-09-16 16:42:00+00:00,11.329999923706055,11.329999923706055,11.329999923706055,11.329999923706055,11.329999923706055,1771.0,CORZ,1m
2024-09-16 16:43:00+00:00,11.300000190734863,11.300000190734863,11.324999809265137,11.295000076293945,11.324999809265137,5905.0,CORZ,1m
2024-09-16 16:44:00+00:00,11.302000045776367,11.302000045776367,11.3100004196167,11.295000076293945,11.295000076293945,11354.0,CORZ,1m
2024-09-16 16:45:00+00:00,11.305000305175781,11.305000305175781,11.30840015411377,11.300000190734863,11.300000190734863,3124.0,CORZ,1m
2024-09-16 16:46:00+00:00,11.305000305175781,11.305000305175781,11.3100004196167,11.300000190734863,11.305000305175781,2668.0,CORZ,1m
2024-09-16 16:47:00+00:00,11.28499984741211,11.28499984741211,11.308699607849121,11.28499984741211,11.305000305175781,11636.0,CORZ,1m
2024-09-16 16:48:00+00:00,11.300000190734863,11.300000190734863,11.300000190734863,11.279999732971191,11.279999732971191,5644.0,CORZ,1m
2024-09-16 16:49:00+00:00,11.300000190734863,11.300000190734863,11.305000305175781,11.291500091552734,11.295000076293945,5594.0,CORZ,1m
2024-09-16 16:50:00+00:00,11.3100004196167,11.3100004196167,11.3100004196167,11.295000076293945,11.300000190734863,3765.0,CORZ,1m
2024-09-16 16:51:00+00:00,11.327699661254883,11.327699661254883,11.329999923706055,11.305000305175781,11.305000305175781,7280.0,CORZ,1m
2024-09-16 16:52:00+00:00,11.324999809265137,11.324999809265137,11.329999923706055,11.32450008392334,11.324999809265137,7536.0,CORZ,1m
2024-09-16 16:53:00+00:00,11.305000305175781,11.305000305175781,11.319999694824219,11.300000190734863,11.319999694824219,10770.0,CORZ,1m
2024-09-16 16:54:00+00:00,11.3100004196167,11.3100004196167,11.3100004196167,11.295000076293945,11.295000076293945,5544.0,CORZ,1m
2024-09-16 16:55:00+00:00,11.319999694824219,11.319999694824219,11.319999694824219,11.305000305175781,11.310199737548828,55008.0,CORZ,1m
2024-09-16 16:56:00+00:00,11.357500076293945,11.357500076293945,11.359999656677246,11.320500373840332,11.320500373840332,49318.0,CORZ,1m
2024-09-16 16:57:00+00:00,11.375,11.375,11.380000114440918,11.350000381469727,11.357199668884277,20730.0,CORZ,1m
2024-09-16 16:58:00+00:00,11.380000114440918,11.380000114440918,11.380000114440918,11.375,11.375,18562.0,CORZ,1m
2024-09-16 16:59:00+00:00,11.375,11.375,11.385000228881836,11.369999885559082,11.385000228881836,46541.0,CORZ,1m
2024-09-16 17:00:00+00:00,11.385000228881836,11.385000228881836,11.399999618530273,11.375,11.375,51173.0,CORZ,1m
2024-09-16 17:01:00+00:00,11.399999618530273,11.399999618530273,11.430000305175781,11.375,11.390000343322754,68400.0,CORZ,1m
2024-09-16 17:02:00+00:00,11.39009952545166,11.39009952545166,11.404999732971191,11.39009952545166,11.40369987487793,17077.0,CORZ,1m
2024-09-16 17:03:00+00:00,11.404999732971191,11.404999732971191,11.414999961853027,11.395000457763672,11.395000457763672,25263.0,CORZ,1m
2024-09-16 17:04:00+00:00,11.399999618530273,11.399999618530273,11.399999618530273,11.399999618530273,11.399999618530273,19302.0,CORZ,1m
2024-09-16 17:05:00+00:00,11.40999984741211,11.40999984741211,11.40999984741211,11.399999618530273,11.399999618530273,21318.0,CORZ,1m
2024-09-16 17:06:00+00:00,11.395000457763672,11.395000457763672,11.40999984741211,11.385000228881836,11.40999984741211,37097.0,CORZ,1m
2024-09-16 17:07:00+00:00,11.380000114440918,11.380000114440918,11.399999618530273,11.380000114440918,11.399999618530273,13391.0,CORZ,1m
2024-09-16 17:08:00+00:00,11.385499954223633,11.385499954223633,11.390000343322754,11.369999885559082,11.375,11187.0,CORZ,1m
2024-09-16 17:09:00+00:00,11.404999732971191,11.404999732971191,11.404999732971191,11.390000343322754,11.390000343322754,20056.0,CORZ,1m
2024-09-16 17:10:00+00:00,11.399999618530273,11.399999618530273,11.404999732971191,11.385000228881836,11.399999618530273,13264.0,CORZ,1m
2024-09-16 17:11:00+00:00,11.364999771118164,11.364999771118164,11.399999618530273,11.364999771118164,11.399999618530273,9209.0,CORZ,1m
2024-09-16 17:12:00+00:00,11.369999885559082,11.369999885559082,11.380000114440918,11.364999771118164,11.364999771118164,19505.0,CORZ,1m
2024-09-16 17:13:00+00:00,11.354999542236328,11.354999542236328,11.369999885559082,11.354999542236328,11.361700057983398,6986.0,CORZ,1m
2024-09-16 17:14:00+00:00,11.34000015258789,11.34000015258789,11.364999771118164,11.34000015258789,11.359999656677246,3612.0,CORZ,1m
2024-09-16 17:15:00+00:00,11.35990047454834,11.35990047454834,11.359999656677246,11.340999603271484,11.340999603271484,7178.0,CORZ,1m
2024-09-16 17:16:00+00:00,11.375,11.375,11.380000114440918,11.369999885559082,11.369999885559082,7026.0,CORZ,1m
2024-09-16 17:17:00+00:00,11.38599967956543,11.38599967956543,11.390000343322754,11.372900009155273,11.372900009155273,4009.0,CORZ,1m
2024-09-16 17:18:00+00:00,11.350000381469727,11.350000381469727,11.381500244140625,11.335000038146973,11.381500244140625,22776.0,CORZ,1m
2024-09-16 17:19:00+00:00,11.329999923706055,11.329999923706055,11.350000381469727,11.329999923706055,11.345000267028809,41824.0,CORZ,1m
2024-09-16 17:20:00+00:00,11.34000015258789,11.34000015258789,11.350000381469727,11.324999809265137,11.335000038146973,33973.0,CORZ,1m
2024-09-16 17:21:00+00:00,11.345000267028809,11.345000267028809,11.350000381469727,11.335000038146973,11.335000038146973,9660.0,CORZ,1m
2024-09-16 17:22:00+00:00,11.295000076293945,11.295000076293945,11.350000381469727,11.289999961853027,11.345000267028809,15515.0,CORZ,1m
2024-09-16 17:23:00+00:00,11.327099800109863,11.327099800109863,11.329999923706055,11.300000190734863,11.300000190734863,12375.0,CORZ,1m
2024-09-16 17:24:00+00:00,11.324999809265137,11.324999809265137,11.329999923706055,11.324999809265137,11.324999809265137,2712.0,CORZ,1m
2024-09-16 17:25:00+00:00,11.28499984741211,11.28499984741211,11.329999923706055,11.279999732971191,11.329999923706055,8557.0,CORZ,1m
2024-09-16 17:26:00+00:00,11.289999961853027,11.289999961853027,11.305000305175781,11.289999961853027,11.289999961853027,24746.0,CORZ,1m
2024-09-16 17:27:00+00:00,11.274999618530273,11.274999618530273,11.289899826049805,11.274999618530273,11.289899826049805,8104.0,CORZ,1m
2024-09-16 17:28:00+00:00,11.210200309753418,11.210200309753418,11.275500297546387,11.206999778747559,11.270000457763672,29008.0,CORZ,1m
2024-09-16 17:29:00+00:00,11.239999771118164,11.239999771118164,11.239999771118164,11.21030044555664,11.21500015258789,15026.0,CORZ,1m
2024-09-16 17:30:00+00:00,11.244999885559082,11.244999885559082,11.25,11.239999771118164,11.239999771118164,7144.0,CORZ,1m
2024-09-16 17:31:00+00:00,11.255000114440918,11.255000114440918,11.260000228881836,11.244999885559082,11.244999885559082,4969.0,CORZ,1m
2024-09-16 17:32:00+00:00,11.255000114440918,11.255000114440918,11.260000228881836,11.244999885559082,11.257699966430664,7687.0,CORZ,1m
2024-09-16 17:33:00+00:00,11.234999656677246,11.234999656677246,11.255000114440918,11.234999656677246,11.255000114440918,4349.0,CORZ,1m
2024-09-16 17:34:00+00:00,11.234999656677246,11.234999656677246,11.234999656677246,11.220000267028809,11.234999656677246,8458.0,CORZ,1m
2024-09-16 17:35:00+00:00,11.239999771118164,11.239999771118164,11.239999771118164,11.234999656677246,11.234999656677246,3299.0,CORZ,1m
2024-09-16 17:36:00+00:00,11.248800277709961,11.248800277709961,11.25,11.234999656677246,11.234999656677246,3915.0,CORZ,1m
2024-09-16 17:37:00+00:00,11.210000038146973,11.210000038146973,11.25,11.204999923706055,11.25,17778.0,CORZ,1m
2024-09-16 17:38:00+00:00,11.210000038146973,11.210000038146973,11.210000038146973,11.199999809265137,11.210000038146973,6189.0,CORZ,1m
2024-09-16 17:39:00+00:00,11.21500015258789,11.21500015258789,11.220000267028809,11.15999984741211,11.204999923706055,66709.0,CORZ,1m
2024-09-16 17:40:00+00:00,11.239999771118164,11.239999771118164,11.239999771118164,11.21500015258789,11.21500015258789,21392.0,CORZ,1m
2024-09-16 17:41:00+00:00,11.260000228881836,11.260000228881836,11.270000457763672,11.25,11.25,9739.0,CORZ,1m
2024-09-16 17:42:00+00:00,11.270000457763672,11.270000457763672,11.274999618530273,11.260000228881836,11.265000343322754,20528.0,CORZ,1m
2024-09-16 17:43:00+00:00,11.286700248718262,11.286700248718262,11.289999961853027,11.270000457763672,11.272100448608398,15848.0,CORZ,1m
2024-09-16 17:44:00+00:00,11.270000457763672,11.270000457763672,11.289999961853027,11.270000457763672,11.28499984741211,13345.0,CORZ,1m
2024-09-16 17:45:00+00:00,11.229999542236328,11.229999542236328,11.265000343322754,11.220000267028809,11.265000343322754,21693.0,CORZ,1m
2024-09-16 17:46:00+00:00,11.234999656677246,11.234999656677246,11.239999771118164,11.23390007019043,11.234999656677246,4927.0,CORZ,1m
2024-09-16 17:47:00+00:00,11.319999694824219,11.319999694824219,11.324999809265137,11.234999656677246,11.234999656677246,18430.0,CORZ,1m
2024-09-16 17:48:00+00:00,11.319999694824219,11.319999694824219,11.324999809265137,11.289999961853027,11.324999809265137,12091.0,CORZ,1m
2024-09-16 17:49:00+00:00,11.3149995803833,11.3149995803833,11.329999923706055,11.3149995803833,11.319999694824219,16331.0,CORZ,1m
2024-09-16 17:50:00+00:00,11.3149995803833,11.3149995803833,11.319999694824219,11.3100004196167,11.3149995803833,2559.0,CORZ,1m
2024-09-16 17:51:00+00:00,11.3149995803833,11.3149995803833,11.319999694824219,11.3100004196167,11.3149995803833,4663.0,CORZ,1m
2024-09-16 17:52:00+00:00,11.3149995803833,11.3149995803833,11.3149995803833,11.279999732971191,11.3100004196167,10141.0,CORZ,1m
2024-09-16 17:53:00+00:00,11.3149995803833,11.3149995803833,11.319999694824219,11.3100004196167,11.3149995803833,4433.0,CORZ,1m
2024-09-16 17:54:00+00:00,11.3149995803833,11.3149995803833,11.3149995803833,11.3149995803833,11.3149995803833,9104.0,CORZ,1m
2024-09-16 17:55:00+00:00,11.327500343322754,11.327500343322754,11.329999923706055,11.305000305175781,11.3149995803833,20049.0,CORZ,1m
2024-09-16 17:56:00+00:00,11.3149995803833,11.3149995803833,11.329999923706055,11.3149995803833,11.324999809265137,15607.0,CORZ,1m
2024-09-16 17:57:00+00:00,11.324999809265137,11.324999809265137,11.329999923706055,11.309000015258789,11.3149995803833,19269.0,CORZ,1m
2024-09-16 17:58:00+00:00,11.3149995803833,11.3149995803833,11.329000473022461,11.3149995803833,11.324999809265137,7265.0,CORZ,1m
2024-09-16 17:59:00+00:00,11.289999961853027,11.289999961853027,11.319999694824219,11.279999732971191,11.3149995803833,19748.0,CORZ,1m
2024-09-16 18:00:00+00:00,11.260000228881836,11.260000228881836,11.28499984741211,11.255000114440918,11.28499984741211,15488.0,CORZ,1m
2024-09-16 18:01:00+00:00,11.229999542236328,11.229999542236328,11.25,11.229999542236328,11.239999771118164,522048.0,CORZ,1m
2024-09-16 18:02:00+00:00,11.210000038146973,11.210000038146973,11.225000381469727,11.210000038146973,11.225000381469727,10333.0,CORZ,1m
2024-09-16 18:03:00+00:00,11.1899995803833,11.1899995803833,11.220000267028809,11.1850004196167,11.21500015258789,8356.0,CORZ,1m
2024-09-16 18:04:00+00:00,11.199999809265137,11.199999809265137,11.199999809265137,11.180000305175781,11.194999694824219,14030.0,CORZ,1m
2024-09-16 18:05:00+00:00,11.163200378417969,11.163200378417969,11.194999694824219,11.15999984741211,11.194999694824219,13894.0,CORZ,1m
2024-09-16 18:06:00+00:00,11.1899995803833,11.1899995803833,11.199999809265137,11.164999961853027,11.164999961853027,95441.0,CORZ,1m
2024-09-16 18:07:00+00:00,11.1899995803833,11.1899995803833,11.199999809265137,11.1899995803833,11.194999694824219,3498.0,CORZ,1m
2024-09-16 18:08:00+00:00,11.180000305175781,11.180000305175781,11.194999694824219,11.170000076293945,11.1850004196167,10328.0,CORZ,1m
2024-09-16 18:09:00+00:00,11.199999809265137,11.199999809265137,11.199999809265137,11.170000076293945,11.170000076293945,12488.0,CORZ,1m
2024-09-16 18:10:00+00:00,11.1850004196167,11.1850004196167,11.199999809265137,11.1850004196167,11.199999809265137,3909.0,CORZ,1m
2024-09-16 18:11:00+00:00,11.204999923706055,11.204999923706055,11.204999923706055,11.1850004196167,11.1850004196167,11610.0,CORZ,1m
2024-09-16 18:12:00+00:00,11.165599822998047,11.165599822998047,11.204999923706055,11.164999961853027,11.204999923706055,8084.0,CORZ,1m
2024-09-16 18:13:00+00:00,11.154999732971191,11.154999732971191,11.170000076293945,11.149999618530273,11.15999984741211,9229.0,CORZ,1m
2024-09-16 18:14:00+00:00,11.130000114440918,11.130000114440918,11.15999984741211,11.125,11.15999984741211,16457.0,CORZ,1m
2024-09-16 18:15:00+00:00,11.130000114440918,11.130000114440918,11.135000228881836,11.119999885559082,11.125,10715.0,CORZ,1m
2024-09-16 18:16:00+00:00,11.14799976348877,11.14799976348877,11.149999618530273,11.124500274658203,11.124699592590332,7443.0,CORZ,1m
2024-09-16 18:17:00+00:00,11.149999618530273,11.149999618530273,11.149999618530273,11.145000457763672,11.145000457763672,3379.0,CORZ,1m
2024-09-16 18:18:00+00:00,11.149999618530273,11.149999618530273,11.15999984741211,11.144499778747559,11.145000457763672,27412.0,CORZ,1m
2024-09-16 18:19:00+00:00,11.147100448608398,11.147100448608398,11.154999732971191,11.145000457763672,11.154999732971191,3988.0,CORZ,1m
2024-09-16 18:20:00+00:00,11.145000457763672,11.145000457763672,11.149999618530273,11.130000114440918,11.140000343322754,15434.0,CORZ,1m
2024-09-16 18:21:00+00:00,11.164999961853027,11.164999961853027,11.170000076293945,11.142900466918945,11.145000457763672,15194.0,CORZ,1m
2024-09-16 18:22:00+00:00,11.170000076293945,11.170000076293945,11.199999809265137,11.164999961853027,11.164999961853027,193364.0,CORZ,1m
2024-09-16 18:23:00+00:00,11.210000038146973,11.210000038146973,11.210000038146973,11.15999984741211,11.164999961853027,72385.0,CORZ,1m
2024-09-16 18:24:00+00:00,11.225000381469727,11.225000381469727,11.225000381469727,11.204999923706055,11.210000038146973,23087.0,CORZ,1m
2024-09-16 18:25:00+00:00,11.239999771118164,11.239999771118164,11.255000114440918,11.234999656677246,11.234999656677246,10457.0,CORZ,1m
2024-09-16 18:26:00+00:00,11.229999542236328,11.229999542236328,11.244999885559082,11.21500015258789,11.239999771118164,33884.0,CORZ,1m
2024-09-16 18:27:00+00:00,11.234999656677246,11.234999656677246,11.239999771118164,11.229999542236328,11.239999771118164,4904.0,CORZ,1m
2024-09-16 18:28:00+00:00,11.229999542236328,11.229999542236328,11.237899780273438,11.225000381469727,11.234999656677246,7761.0,CORZ,1m
2024-09-16 18:29:00+00:00,11.229999542236328,11.229999542236328,11.234999656677246,11.229999542236328,11.234999656677246,6802.0,CORZ,1m
2024-09-16 18:30:00+00:00,11.244999885559082,11.244999885559082,11.25,11.229999542236328,11.234999656677246,9128.0,CORZ,1m
2024-09-16 18:31:00+00:00,11.244999885559082,11.244999885559082,11.25,11.225000381469727,11.244999885559082,12700.0,CORZ,1m
2024-09-16 18:32:00+00:00,11.239999771118164,11.239999771118164,11.25,11.229999542236328,11.244999885559082,20424.0,CORZ,1m
2024-09-16 18:33:00+00:00,11.244999885559082,11.244999885559082,11.244999885559082,11.225000381469727,11.244999885559082,21410.0,CORZ,1m
2024-09-16 18:34:00+00:00,11.265000343322754,11.265000343322754,11.270000457763672,11.25,11.25,7398.0,CORZ,1m
2024-09-16 18:35:00+00:00,11.239999771118164,11.239999771118164,11.274999618530273,11.229999542236328,11.270000457763672,16067.0,CORZ,1m
2024-09-16 18:36:00+00:00,11.230999946594238,11.230999946594238,11.239999771118164,11.230999946594238,11.239999771118164,5935.0,CORZ,1m
2024-09-16 18:38:00+00:00,11.234999656677246,11.234999656677246,11.260000228881836,11.229999542236328,11.260000228881836,25626.0,CORZ,1m
2024-09-16 18:39:00+00:00,11.229999542236328,11.229999542236328,11.234999656677246,11.220000267028809,11.234999656677246,10178.0,CORZ,1m
2024-09-16 18:40:00+00:00,11.22599983215332,11.22599983215332,11.239999771118164,11.22599983215332,11.229999542236328,5607.0,CORZ,1m
2024-09-16 18:41:00+00:00,11.234999656677246,11.234999656677246,11.23799991607666,11.220000267028809,11.220000267028809,18828.0,CORZ,1m
2024-09-16 18:42:00+00:00,11.255000114440918,11.255000114440918,11.255000114440918,11.210000038146973,11.234999656677246,15119.0,CORZ,1m
2024-09-16 18:43:00+00:00,11.255000114440918,11.255000114440918,11.259900093078613,11.251999855041504,11.255000114440918,3817.0,CORZ,1m
2024-09-16 18:44:00+00:00,11.234999656677246,11.234999656677246,11.255000114440918,11.234999656677246,11.255000114440918,7034.0,CORZ,1m
2024-09-16 18:45:00+00:00,11.229999542236328,11.229999542236328,11.234999656677246,11.225000381469727,11.234999656677246,7571.0,CORZ,1m
2024-09-16 18:46:00+00:00,11.225000381469727,11.225000381469727,11.234999656677246,11.220000267028809,11.234999656677246,7926.0,CORZ,1m
2024-09-16 18:47:00+00:00,11.225000381469727,11.225000381469727,11.225000381469727,11.22130012512207,11.225000381469727,5447.0,CORZ,1m
2024-09-16 18:48:00+00:00,11.234999656677246,11.234999656677246,11.239999771118164,11.220000267028809,11.220000267028809,8841.0,CORZ,1m
2024-09-16 18:49:00+00:00,11.25,11.25,11.25,11.239999771118164,11.239999771118164,11144.0,CORZ,1m
2024-09-16 18:50:00+00:00,11.25,11.25,11.258000373840332,11.25,11.255000114440918,9086.0,CORZ,1m
2024-09-16 18:51:00+00:00,11.265000343322754,11.265000343322754,11.270000457763672,11.25,11.260000228881836,6006.0,CORZ,1m
2024-09-16 18:52:00+00:00,11.255000114440918,11.255000114440918,11.265000343322754,11.244999885559082,11.265000343322754,20408.0,CORZ,1m
2024-09-16 18:53:00+00:00,11.234999656677246,11.234999656677246,11.25,11.229999542236328,11.25,5947.0,CORZ,1m
2024-09-16 18:54:00+00:00,11.225000381469727,11.225000381469727,11.239999771118164,11.220000267028809,11.234999656677246,5222.0,CORZ,1m
2024-09-16 18:55:00+00:00,11.234999656677246,11.234999656677246,11.239999771118164,11.220000267028809,11.220000267028809,13331.0,CORZ,1m
2024-09-16 18:56:00+00:00,11.244999885559082,11.244999885559082,11.25,11.229999542236328,11.234999656677246,5806.0,CORZ,1m
2024-09-16 18:57:00+00:00,11.244999885559082,11.244999885559082,11.25,11.239999771118164,11.244999885559082,2248.0,CORZ,1m
2024-09-16 18:58:00+00:00,11.265000343322754,11.265000343322754,11.26990032196045,11.244999885559082,11.244999885559082,8055.0,CORZ,1m
2024-09-16 18:59:00+00:00,11.244999885559082,11.244999885559082,11.265000343322754,11.232000350952148,11.265000343322754,18796.0,CORZ,1m
2024-09-16 19:00:00+00:00,11.244999885559082,11.244999885559082,11.255000114440918,11.239999771118164,11.246700286865234,12771.0,CORZ,1m
2024-09-16 19:01:00+00:00,11.232000350952148,11.232000350952148,11.244999885559082,11.232000350952148,11.244999885559082,7902.0,CORZ,1m
2024-09-16 19:02:00+00:00,11.225000381469727,11.225000381469727,11.229999542236328,11.225000381469727,11.229999542236328,6624.0,CORZ,1m
2024-09-16 19:03:00+00:00,11.204999923706055,11.204999923706055,11.225000381469727,11.199999809265137,11.220000267028809,10651.0,CORZ,1m
2024-09-16 19:04:00+00:00,11.21500015258789,11.21500015258789,11.220000267028809,11.204999923706055,11.204999923706055,5537.0,CORZ,1m
2024-09-16 19:05:00+00:00,11.229999542236328,11.229999542236328,11.229999542236328,11.204999923706055,11.21500015258789,10247.0,CORZ,1m
2024-09-16 19:06:00+00:00,11.255000114440918,11.255000114440918,11.260000228881836,11.225000381469727,11.229700088500977,52756.0,CORZ,1m
2024-09-16 19:07:00+00:00,11.255000114440918,11.255000114440918,11.265000343322754,11.250100135803223,11.255000114440918,6407.0,CORZ,1m
2024-09-16 19:08:00+00:00,11.265000343322754,11.265000343322754,11.270000457763672,11.260000228881836,11.260000228881836,7064.0,CORZ,1m
2024-09-16 19:09:00+00:00,11.274999618530273,11.274999618530273,11.279899597167969,11.265000343322754,11.265000343322754,14354.0,CORZ,1m
2024-09-16 19:10:00+00:00,11.274999618530273,11.274999618530273,11.274999618530273,11.270000457763672,11.274999618530273,5018.0,CORZ,1m
2024-09-16 19:11:00+00:00,11.260000228881836,11.260000228881836,11.274999618530273,11.260000228881836,11.274999618530273,9854.0,CORZ,1m
2024-09-16 19:12:00+00:00,11.239999771118164,11.239999771118164,11.265399932861328,11.239999771118164,11.265000343322754,10151.0,CORZ,1m
2024-09-16 19:13:00+00:00,11.234999656677246,11.234999656677246,11.244999885559082,11.225000381469727,11.234999656677246,21402.0,CORZ,1m
2024-09-16 19:14:00+00:00,11.240300178527832,11.240300178527832,11.244999885559082,11.234999656677246,11.234999656677246,5287.0,CORZ,1m
2024-09-16 19:15:00+00:00,11.244999885559082,11.244999885559082,11.244999885559082,11.234999656677246,11.244999885559082,11456.0,CORZ,1m
2024-09-16 19:16:00+00:00,11.244999885559082,11.244999885559082,11.244999885559082,11.244999885559082,11.244999885559082,4438.0,CORZ,1m
2024-09-16 19:17:00+00:00,11.234999656677246,11.234999656677246,11.244999885559082,11.234999656677246,11.244999885559082,5290.0,CORZ,1m
2024-09-16 19:18:00+00:00,11.265000343322754,11.265000343322754,11.265000343322754,11.220000267028809,11.229999542236328,25702.0,CORZ,1m
2024-09-16 19:19:00+00:00,11.274999618530273,11.274999618530273,11.279899597167969,11.265000343322754,11.265000343322754,8759.0,CORZ,1m
2024-09-16 19:20:00+00:00,11.274999618530273,11.274999618530273,11.274999618530273,11.270000457763672,11.274999618530273,7244.0,CORZ,1m
2024-09-16 19:21:00+00:00,11.265000343322754,11.265000343322754,11.27810001373291,11.265000343322754,11.274999618530273,8787.0,CORZ,1m
2024-09-16 19:22:00+00:00,11.274999618530273,11.274999618530273,11.279999732971191,11.260000228881836,11.260000228881836,8230.0,CORZ,1m
2024-09-16 19:23:00+00:00,11.279999732971191,11.279999732971191,11.300000190734863,11.274999618530273,11.274999618530273,10353.0,CORZ,1m
2024-09-16 19:24:00+00:00,11.274999618530273,11.274999618530273,11.28499984741211,11.270000457763672,11.28499984741211,8998.0,CORZ,1m
2024-09-16 19:25:00+00:00,11.305000305175781,11.305000305175781,11.3149995803833,11.27400016784668,11.27400016784668,43924.0,CORZ,1m
2024-09-16 19:26:00+00:00,11.305000305175781,11.305000305175781,11.3100004196167,11.305000305175781,11.305000305175781,7465.0,CORZ,1m
2024-09-16 19:27:00+00:00,11.274999618530273,11.274999618530273,11.305000305175781,11.270000457763672,11.305000305175781,18332.0,CORZ,1m
2024-09-16 19:28:00+00:00,11.295000076293945,11.295000076293945,11.295000076293945,11.274999618530273,11.274999618530273,11861.0,CORZ,1m
2024-09-16 19:29:00+00:00,11.28499984741211,11.28499984741211,11.295000076293945,11.279999732971191,11.295000076293945,14554.0,CORZ,1m
2024-09-16 19:31:00+00:00,11.265000343322754,11.265000343322754,11.265000343322754,11.255000114440918,11.255000114440918,538249.0,CORZ,1m
2024-09-16 19:32:00+00:00,11.265000343322754,11.265000343322754,11.270000457763672,11.265000343322754,11.265000343322754,7503.0,CORZ,1m
2024-09-16 19:33:00+00:00,11.295000076293945,11.295000076293945,11.295000076293945,11.265000343322754,11.265000343322754,34481.0,CORZ,1m
2024-09-16 19:34:00+00:00,11.3149995803833,11.3149995803833,11.319999694824219,11.295000076293945,11.295000076293945,11496.0,CORZ,1m
2024-09-16 19:35:00+00:00,11.305000305175781,11.305000305175781,11.319999694824219,11.305000305175781,11.3149995803833,12148.0,CORZ,1m
2024-09-16 19:36:00+00:00,11.295000076293945,11.295000076293945,11.306500434875488,11.291999816894531,11.305000305175781,17573.0,CORZ,1m
2024-09-16 19:37:00+00:00,11.265000343322754,11.265000343322754,11.289999961853027,11.265000343322754,11.289999961853027,26147.0,CORZ,1m
2024-09-16 19:38:00+00:00,11.274999618530273,11.274999618530273,11.279999732971191,11.265000343322754,11.265000343322754,10748.0,CORZ,1m
2024-09-16 19:39:00+00:00,11.305000305175781,11.305000305175781,11.3100004196167,11.274999618530273,11.274999618530273,30696.0,CORZ,1m
2024-09-16 19:40:00+00:00,11.300000190734863,11.300000190734863,11.3100004196167,11.300000190734863,11.305000305175781,10487.0,CORZ,1m
2024-09-16 19:41:00+00:00,11.305000305175781,11.305000305175781,11.3100004196167,11.305000305175781,11.305000305175781,9627.0,CORZ,1m
2024-09-16 19:42:00+00:00,11.305000305175781,11.305000305175781,11.319999694824219,11.300000190734863,11.305000305175781,18280.0,CORZ,1m
2024-09-16 19:43:00+00:00,11.305000305175781,11.305000305175781,11.3100004196167,11.300000190734863,11.305000305175781,17546.0,CORZ,1m
2024-09-16 19:44:00+00:00,11.28499984741211,11.28499984741211,11.305000305175781,11.279999732971191,11.305000305175781,27481.0,CORZ,1m
2024-09-16 19:45:00+00:00,11.265000343322754,11.265000343322754,11.298500061035156,11.260000228881836,11.295000076293945,30456.0,CORZ,1m
2024-09-16 19:46:00+00:00,11.265000343322754,11.265000343322754,11.270000457763672,11.260000228881836,11.265000343322754,30159.0,CORZ,1m
2024-09-16 19:47:00+00:00,11.255000114440918,11.255000114440918,11.265000343322754,11.25100040435791,11.265000343322754,27792.0,CORZ,1m
2024-09-16 19:48:00+00:00,11.234999656677246,11.234999656677246,11.255000114440918,11.229999542236328,11.255000114440918,38101.0,CORZ,1m
2024-09-16 19:49:00+00:00,11.244999885559082,11.244999885559082,11.25,11.232399940490723,11.232399940490723,16248.0,CORZ,1m
2024-09-16 19:50:00+00:00,11.28499984741211,11.28499984741211,11.289999961853027,11.25,11.25,47186.0,CORZ,1m
2024-09-16 19:51:00+00:00,11.300000190734863,11.300000190734863,11.3100004196167,11.280099868774414,11.28499984741211,24006.0,CORZ,1m
2024-09-16 19:52:00+00:00,11.28499984741211,11.28499984741211,11.30739974975586,11.279999732971191,11.305000305175781,33209.0,CORZ,1m
2024-09-16 19:53:00+00:00,11.28499984741211,11.28499984741211,11.289999961853027,11.265000343322754,11.28499984741211,31081.0,CORZ,1m
2024-09-16 19:54:00+00:00,11.225000381469727,11.225000381469727,11.28499984741211,11.199999809265137,11.28499984741211,115845.0,CORZ,1m
2024-09-16 19:55:00+00:00,11.234999656677246,11.234999656677246,11.247900009155273,11.229999542236328,11.229999542236328,32772.0,CORZ,1m
2024-09-16 19:56:00+00:00,11.234999656677246,11.234999656677246,11.239899635314941,11.220000267028809,11.234999656677246,50400.0,CORZ,1m
2024-09-16 19:57:00+00:00,11.196999549865723,11.196999549865723,11.234999656677246,11.1899995803833,11.234999656677246,96827.0,CORZ,1m
2024-09-16 19:58:00+00:00,11.194999694824219,11.194999694824219,11.199999809265137,11.1899995803833,11.194999694824219,74101.0,CORZ,1m
2024-09-16 19:59:00+00:00,11.180000305175781,11.180000305175781,11.1983003616333,11.164999961853027,11.194999694824219,237551.0,CORZ,1m
2024-09-17 13:30:00+00:00,11.390000343322754,11.390000343322754,11.449999809265137,11.380000114440918,11.407999992370605,224867.0,CORZ,1m
2024-09-17 13:31:00+00:00,11.399999618530273,11.399999618530273,11.420000076293945,11.369999885559082,11.390000343322754,56530.0,CORZ,1m
2024-09-17 13:32:00+00:00,11.360099792480469,11.360099792480469,11.40999984741211,11.350000381469727,11.390000343322754,64614.0,CORZ,1m
2024-09-17 13:33:00+00:00,11.350000381469727,11.350000381469727,11.370100021362305,11.34000015258789,11.359999656677246,37382.0,CORZ,1m
2024-09-17 13:34:00+00:00,11.350000381469727,11.350000381469727,11.354999542236328,11.3100004196167,11.350000381469727,27006.0,CORZ,1m
2024-09-17 13:35:00+00:00,11.351799964904785,11.351799964904785,11.380000114440918,11.34000015258789,11.359999656677246,31583.0,CORZ,1m
2024-09-17 13:36:00+00:00,11.399900436401367,11.399900436401367,11.40999984741211,11.359999656677246,11.359999656677246,27051.0,CORZ,1m
2024-09-17 13:37:00+00:00,11.380000114440918,11.380000114440918,11.40999984741211,11.362000465393066,11.398699760437012,24575.0,CORZ,1m
2024-09-17 13:38:00+00:00,11.380000114440918,11.380000114440918,11.380000114440918,11.369999885559082,11.370100021362305,8353.0,CORZ,1m
2024-09-17 13:39:00+00:00,11.319899559020996,11.319899559020996,11.380000114440918,11.3149995803833,11.375,12747.0,CORZ,1m
2024-09-17 13:40:00+00:00,11.300000190734863,11.300000190734863,11.329999923706055,11.270000457763672,11.3149995803833,316750.0,CORZ,1m
2024-09-17 13:41:00+00:00,11.260000228881836,11.260000228881836,11.300000190734863,11.239999771118164,11.295000076293945,24513.0,CORZ,1m
2024-09-17 13:42:00+00:00,11.229999542236328,11.229999542236328,11.270000457763672,11.220000267028809,11.270000457763672,17085.0,CORZ,1m
2024-09-17 13:43:00+00:00,11.1899995803833,11.1899995803833,11.239999771118164,11.180000305175781,11.2298002243042,55067.0,CORZ,1m
2024-09-17 13:44:00+00:00,11.244999885559082,11.244999885559082,11.259900093078613,11.199999809265137,11.199999809265137,39268.0,CORZ,1m
2024-09-17 13:45:00+00:00,11.225000381469727,11.225000381469727,11.25,11.210000038146973,11.25,36951.0,CORZ,1m
2024-09-17 13:46:00+00:00,11.1850004196167,11.1850004196167,11.220000267028809,11.180000305175781,11.220000267028809,18110.0,CORZ,1m
2024-09-17 13:47:00+00:00,11.239999771118164,11.239999771118164,11.244999885559082,11.1899995803833,11.1899995803833,24478.0,CORZ,1m
2024-09-17 13:48:00+00:00,11.229999542236328,11.229999542236328,11.239999771118164,11.204999923706055,11.239999771118164,22965.0,CORZ,1m
2024-09-17 13:49:00+00:00,11.199999809265137,11.199999809265137,11.229999542236328,11.170000076293945,11.229999542236328,47813.0,CORZ,1m
2024-09-17 13:50:00+00:00,11.218400001525879,11.218400001525879,11.220000267028809,11.1899995803833,11.210000038146973,16169.0,CORZ,1m
2024-09-17 13:51:00+00:00,11.289999961853027,11.289999961853027,11.305999755859375,11.211099624633789,11.211099624633789,81978.0,CORZ,1m
2024-09-17 13:52:00+00:00,11.300000190734863,11.300000190734863,11.300000190734863,11.270000457763672,11.288700103759766,15209.0,CORZ,1m
2024-09-17 13:53:00+00:00,11.25,11.25,11.300000190734863,11.25,11.300000190734863,10066.0,CORZ,1m
2024-09-17 13:54:00+00:00,11.229999542236328,11.229999542236328,11.25,11.22089958190918,11.244999885559082,13452.0,CORZ,1m
2024-09-17 13:55:00+00:00,11.244999885559082,11.244999885559082,11.260000228881836,11.220000267028809,11.239999771118164,18714.0,CORZ,1m
2024-09-17 13:57:00+00:00,11.270000457763672,11.270000457763672,11.289999961853027,11.239999771118164,11.239999771118164,42621.0,CORZ,1m
2024-09-17 13:58:00+00:00,11.229999542236328,11.229999542236328,11.28499984741211,11.229999542236328,11.270000457763672,35827.0,CORZ,1m
2024-09-17 13:59:00+00:00,11.265000343322754,11.265000343322754,11.265000343322754,11.220000267028809,11.229999542236328,18557.0,CORZ,1m
2024-09-17 14:00:00+00:00,11.239999771118164,11.239999771118164,11.270000457763672,11.239999771118164,11.270000457763672,9575.0,CORZ,1m
2024-09-17 14:01:00+00:00,11.260000228881836,11.260000228881836,11.270000457763672,11.244999885559082,11.24899959564209,6827.0,CORZ,1m
2024-09-17 14:02:00+00:00,11.308600425720215,11.308600425720215,11.308600425720215,11.265000343322754,11.265000343322754,10387.0,CORZ,1m
2024-09-17 14:03:00+00:00,11.385000228881836,11.385000228881836,11.390000343322754,11.305000305175781,11.305000305175781,81253.0,CORZ,1m
2024-09-17 14:04:00+00:00,11.420000076293945,11.420000076293945,11.449999809265137,11.38010025024414,11.390000343322754,58965.0,CORZ,1m
2024-09-17 14:05:00+00:00,11.470000267028809,11.470000267028809,11.493000030517578,11.420000076293945,11.420000076293945,134858.0,CORZ,1m
2024-09-17 14:06:00+00:00,11.460000038146973,11.460000038146973,11.520000457763672,11.430000305175781,11.478300094604492,130053.0,CORZ,1m
2024-09-17 14:07:00+00:00,11.470000267028809,11.470000267028809,11.489999771118164,11.460000038146973,11.470000267028809,34547.0,CORZ,1m
2024-09-17 14:08:00+00:00,11.499699592590332,11.499699592590332,11.5,11.470000267028809,11.475000381469727,64551.0,CORZ,1m
2024-09-17 14:09:00+00:00,11.454999923706055,11.454999923706055,11.5,11.454999923706055,11.494999885559082,16722.0,CORZ,1m
2024-09-17 14:10:00+00:00,11.459799766540527,11.459799766540527,11.470000267028809,11.430000305175781,11.458000183105469,25451.0,CORZ,1m
2024-09-17 14:11:00+00:00,11.494999885559082,11.494999885559082,11.5,11.470000267028809,11.475000381469727,38774.0,CORZ,1m
2024-09-17 14:12:00+00:00,11.494999885559082,11.494999885559082,11.520000457763672,11.479999542236328,11.499899864196777,122235.0,CORZ,1m
2024-09-17 14:13:00+00:00,11.470000267028809,11.470000267028809,11.494999885559082,11.4399995803833,11.494999885559082,58365.0,CORZ,1m
2024-09-17 14:14:00+00:00,11.475000381469727,11.475000381469727,11.489999771118164,11.46500015258789,11.46500015258789,18822.0,CORZ,1m
2024-09-17 14:15:00+00:00,11.524999618530273,11.524999618530273,11.529999732971191,11.475000381469727,11.475000381469727,30695.0,CORZ,1m
2024-09-17 14:16:00+00:00,11.5,11.5,11.529999732971191,11.5,11.524999618530273,31116.0,CORZ,1m
2024-09-17 14:17:00+00:00,11.489999771118164,11.489999771118164,11.505000114440918,11.475000381469727,11.5,21368.0,CORZ,1m
2024-09-17 14:18:00+00:00,11.5,11.5,11.510000228881836,11.488800048828125,11.488800048828125,14281.0,CORZ,1m
2024-09-17 14:19:00+00:00,11.5,11.5,11.5,11.489700317382812,11.489700317382812,12298.0,CORZ,1m
2024-09-17 14:20:00+00:00,11.510000228881836,11.510000228881836,11.550000190734863,11.5,11.504899978637695,70160.0,CORZ,1m
2024-09-17 14:21:00+00:00,11.520000457763672,11.520000457763672,11.529999732971191,11.484999656677246,11.513799667358398,40464.0,CORZ,1m
2024-09-17 14:22:00+00:00,11.510000228881836,11.510000228881836,11.539999961853027,11.509900093078613,11.539999961853027,36555.0,CORZ,1m
2024-09-17 14:23:00+00:00,11.534000396728516,11.534000396728516,11.539999961853027,11.5,11.514699935913086,38892.0,CORZ,1m
2024-09-17 14:24:00+00:00,11.520000457763672,11.520000457763672,11.550000190734863,11.520000457763672,11.538000106811523,29303.0,CORZ,1m
2024-09-17 14:25:00+00:00,11.550000190734863,11.550000190734863,11.5600004196167,11.520000457763672,11.520000457763672,54659.0,CORZ,1m
2024-09-17 14:26:00+00:00,11.524999618530273,11.524999618530273,11.5649995803833,11.524999618530273,11.5600004196167,24087.0,CORZ,1m
2024-09-17 14:27:00+00:00,11.558799743652344,11.558799743652344,11.569999694824219,11.510000228881836,11.520000457763672,65676.0,CORZ,1m
2024-09-17 14:28:00+00:00,11.5600004196167,11.5600004196167,11.5649995803833,11.520000457763672,11.550700187683105,36261.0,CORZ,1m
2024-09-17 14:29:00+00:00,11.558199882507324,11.558199882507324,11.567999839782715,11.539999961853027,11.567999839782715,23115.0,CORZ,1m
2024-09-17 14:30:00+00:00,11.604999542236328,11.604999542236328,11.630000114440918,11.555000305175781,11.555000305175781,107566.0,CORZ,1m
2024-09-17 14:31:00+00:00,11.5649995803833,11.5649995803833,11.607999801635742,11.5600004196167,11.604999542236328,45284.0,CORZ,1m
2024-09-17 14:32:00+00:00,11.529999732971191,11.529999732971191,11.569999694824219,11.520000457763672,11.5649995803833,71578.0,CORZ,1m
2024-09-17 14:33:00+00:00,11.46500015258789,11.46500015258789,11.53499984741211,11.45009994506836,11.53499984741211,93059.0,CORZ,1m
2024-09-17 14:34:00+00:00,11.475000381469727,11.475000381469727,11.489899635314941,11.460000038146973,11.475000381469727,19942.0,CORZ,1m
2024-09-17 14:35:00+00:00,11.460000038146973,11.460000038146973,11.494999885559082,11.449999809265137,11.475000381469727,43644.0,CORZ,1m
2024-09-17 14:36:00+00:00,11.40999984741211,11.40999984741211,11.45009994506836,11.369999885559082,11.449999809265137,48967.0,CORZ,1m
2024-09-17 14:37:00+00:00,11.44909954071045,11.44909954071045,11.44909954071045,11.390000343322754,11.420000076293945,28470.0,CORZ,1m
2024-09-17 14:38:00+00:00,11.495800018310547,11.495800018310547,11.5,11.440099716186523,11.449999809265137,11815.0,CORZ,1m
2024-09-17 14:39:00+00:00,11.46500015258789,11.46500015258789,11.489999771118164,11.4399995803833,11.484999656677246,10304.0,CORZ,1m
2024-09-17 14:40:00+00:00,11.420000076293945,11.420000076293945,11.475000381469727,11.420000076293945,11.460000038146973,269617.0,CORZ,1m
2024-09-17 14:41:00+00:00,11.39109992980957,11.39109992980957,11.425000190734863,11.39109992980957,11.425000190734863,14114.0,CORZ,1m
2024-09-17 14:42:00+00:00,11.420000076293945,11.420000076293945,11.425000190734863,11.375,11.391200065612793,14349.0,CORZ,1m
2024-09-17 14:43:00+00:00,11.449999809265137,11.449999809265137,11.449999809265137,11.40999984741211,11.40999984741211,9727.0,CORZ,1m
2024-09-17 14:44:00+00:00,11.460000038146973,11.460000038146973,11.475000381469727,11.449999809265137,11.449999809265137,8666.0,CORZ,1m
2024-09-17 14:45:00+00:00,11.532699584960938,11.532699584960938,11.53499984741211,11.467499732971191,11.467499732971191,32265.0,CORZ,1m
2024-09-17 14:46:00+00:00,11.5600004196167,11.5600004196167,11.567099571228027,11.534000396728516,11.539999961853027,22654.0,CORZ,1m
2024-09-17 14:47:00+00:00,11.577699661254883,11.577699661254883,11.59000015258789,11.569999694824219,11.569999694824219,22153.0,CORZ,1m
2024-09-17 14:48:00+00:00,11.59000015258789,11.59000015258789,11.60200023651123,11.578900337219238,11.578900337219238,61510.0,CORZ,1m
2024-09-17 14:49:00+00:00,11.585000038146973,11.585000038146973,11.609999656677246,11.58240032196045,11.595000267028809,36913.0,CORZ,1m
2024-09-17 14:50:00+00:00,11.610099792480469,11.610099792480469,11.645000457763672,11.591500282287598,11.591500282287598,82246.0,CORZ,1m
2024-09-17 14:51:00+00:00,11.579999923706055,11.579999923706055,11.625,11.576000213623047,11.619999885559082,42685.0,CORZ,1m
2024-09-17 14:52:00+00:00,11.567500114440918,11.567500114440918,11.59000015258789,11.565400123596191,11.59000015258789,38268.0,CORZ,1m
2024-09-17 14:53:00+00:00,11.614999771118164,11.614999771118164,11.630000114440918,11.5649995803833,11.56879997253418,89273.0,CORZ,1m
2024-09-17 14:54:00+00:00,11.604999542236328,11.604999542236328,11.619999885559082,11.600000381469727,11.619999885559082,33192.0,CORZ,1m
2024-09-17 14:55:00+00:00,11.60990047454834,11.60990047454834,11.619999885559082,11.579999923706055,11.609999656677246,11114.0,CORZ,1m
2024-09-17 14:56:00+00:00,11.61989974975586,11.61989974975586,11.619999885559082,11.600000381469727,11.604999542236328,11590.0,CORZ,1m
2024-09-17 14:57:00+00:00,11.635000228881836,11.635000228881836,11.635000228881836,11.600000381469727,11.614999771118164,47407.0,CORZ,1m
2024-09-17 14:58:00+00:00,11.649999618530273,11.649999618530273,11.65999984741211,11.579999923706055,11.630000114440918,101293.0,CORZ,1m
2024-09-17 14:59:00+00:00,11.640000343322754,11.640000343322754,11.65999984741211,11.635000228881836,11.654999732971191,83822.0,CORZ,1m
2024-09-17 15:00:00+00:00,11.645000457763672,11.645000457763672,11.65999984741211,11.645000457763672,11.649999618530273,98337.0,CORZ,1m
2024-09-17 15:01:00+00:00,11.6850004196167,11.6850004196167,11.694999694824219,11.645000457763672,11.645000457763672,95533.0,CORZ,1m
2024-09-17 15:02:00+00:00,11.739999771118164,11.739999771118164,11.760000228881836,11.6850004196167,11.686200141906738,126002.0,CORZ,1m
2024-09-17 15:03:00+00:00,11.744999885559082,11.744999885559082,11.755000114440918,11.725000381469727,11.739999771118164,27649.0,CORZ,1m
2024-09-17 15:04:00+00:00,11.720000267028809,11.720000267028809,11.729999542236328,11.6899995803833,11.720000267028809,237613.0,CORZ,1m
2024-09-17 15:05:00+00:00,11.734999656677246,11.734999656677246,11.739999771118164,11.729999542236328,11.729999542236328,7670.0,CORZ,1m
2024-09-17 15:06:00+00:00,11.770000457763672,11.770000457763672,11.779999732971191,11.755000114440918,11.760000228881836,120402.0,CORZ,1m
2024-09-17 15:07:00+00:00,11.760000228881836,11.760000228881836,11.800000190734863,11.75,11.770000457763672,47493.0,CORZ,1m
2024-09-17 15:08:00+00:00,11.779999732971191,11.779999732971191,11.789999961853027,11.760000228881836,11.774999618530273,31258.0,CORZ,1m
2024-09-17 15:09:00+00:00,11.779999732971191,11.779999732971191,11.789999961853027,11.779999732971191,11.788599967956543,21148.0,CORZ,1m
2024-09-17 15:11:00+00:00,11.829700469970703,11.829700469970703,11.84000015258789,11.779999732971191,11.789999961853027,103225.0,CORZ,1m
2024-09-17 15:12:00+00:00,11.829999923706055,11.829999923706055,11.835000038146973,11.8100004196167,11.826600074768066,92749.0,CORZ,1m
2024-09-17 15:13:00+00:00,11.819999694824219,11.819999694824219,11.84000015258789,11.800000190734863,11.820099830627441,110371.0,CORZ,1m
2024-09-17 15:14:00+00:00,11.824999809265137,11.824999809265137,11.829999923706055,11.800000190734863,11.8100004196167,76723.0,CORZ,1m
2024-09-17 15:15:00+00:00,11.760000228881836,11.760000228881836,11.828499794006348,11.760000228881836,11.819999694824219,37700.0,CORZ,1m
2024-09-17 15:16:00+00:00,11.65999984741211,11.65999984741211,11.770000457763672,11.65999984741211,11.770000457763672,76691.0,CORZ,1m
2024-09-17 15:17:00+00:00,11.720000267028809,11.720000267028809,11.720000267028809,11.664999961853027,11.664999961853027,41511.0,CORZ,1m
2024-09-17 15:18:00+00:00,11.675000190734863,11.675000190734863,11.710000038146973,11.630000114440918,11.710000038146973,59459.0,CORZ,1m
2024-09-17 15:19:00+00:00,11.667499542236328,11.667499542236328,11.69890022277832,11.667499542236328,11.675000190734863,12463.0,CORZ,1m
2024-09-17 15:20:00+00:00,11.65999984741211,11.65999984741211,11.669899940490723,11.645000457763672,11.664999961853027,14403.0,CORZ,1m
2024-09-17 15:21:00+00:00,11.649999618530273,11.649999618530273,11.650099754333496,11.609999656677246,11.649999618530273,29335.0,CORZ,1m
2024-09-17 15:22:00+00:00,11.669899940490723,11.669899940490723,11.694999694824219,11.654999732971191,11.65999984741211,33556.0,CORZ,1m
2024-09-17 15:23:00+00:00,11.619999885559082,11.619999885559082,11.670000076293945,11.614999771118164,11.664999961853027,43551.0,CORZ,1m
2024-09-17 15:24:00+00:00,11.589300155639648,11.589300155639648,11.625,11.576000213623047,11.625,32937.0,CORZ,1m
2024-09-17 15:25:00+00:00,11.609999656677246,11.609999656677246,11.635000228881836,11.599900245666504,11.600000381469727,27914.0,CORZ,1m
2024-09-17 15:26:00+00:00,11.625,11.625,11.645000457763672,11.609999656677246,11.619999885559082,16338.0,CORZ,1m
2024-09-17 15:27:00+00:00,11.664999961853027,11.664999961853027,11.664999961853027,11.621899604797363,11.625,10342.0,CORZ,1m
2024-09-17 15:28:00+00:00,11.645000457763672,11.645000457763672,11.66670036315918,11.645000457763672,11.664999961853027,16565.0,CORZ,1m
2024-09-17 15:29:00+00:00,11.625,11.625,11.654999732971191,11.625,11.640000343322754,33203.0,CORZ,1m
2024-09-17 15:30:00+00:00,11.640000343322754,11.640000343322754,11.640000343322754,11.619999885559082,11.625,35338.0,CORZ,1m
2024-09-17 15:31:00+00:00,11.614999771118164,11.614999771118164,11.635000228881836,11.610099792480469,11.630000114440918,28178.0,CORZ,1m
2024-09-17 15:32:00+00:00,11.619999885559082,11.619999885559082,11.635000228881836,11.614999771118164,11.614999771118164,16805.0,CORZ,1m
2024-09-17 15:33:00+00:00,11.555000305175781,11.555000305175781,11.609999656677246,11.555000305175781,11.609999656677246,22227.0,CORZ,1m
2024-09-17 15:34:00+00:00,11.548100471496582,11.548100471496582,11.555000305175781,11.539999961853027,11.555000305175781,37556.0,CORZ,1m
2024-09-17 15:35:00+00:00,11.505000114440918,11.505000114440918,11.545000076293945,11.5,11.545000076293945,49135.0,CORZ,1m
2024-09-17 15:36:00+00:00,11.48289966583252,11.48289966583252,11.509900093078613,11.479999542236328,11.509900093078613,15185.0,CORZ,1m
2024-09-17 15:37:00+00:00,11.440299987792969,11.440299987792969,11.479999542236328,11.4350004196167,11.479999542236328,41085.0,CORZ,1m
2024-09-17 15:38:00+00:00,11.414999961853027,11.414999961853027,11.444999694824219,11.399999618530273,11.444999694824219,33264.0,CORZ,1m
2024-09-17 15:39:00+00:00,11.390000343322754,11.390000343322754,11.420000076293945,11.385000228881836,11.420000076293945,51695.0,CORZ,1m
2024-09-17 15:40:00+00:00,11.395000457763672,11.395000457763672,11.414999961853027,11.375,11.395000457763672,44622.0,CORZ,1m
2024-09-17 15:41:00+00:00,11.333999633789062,11.333999633789062,11.39840030670166,11.329999923706055,11.395000457763672,36654.0,CORZ,1m
2024-09-17 15:42:00+00:00,11.359999656677246,11.359999656677246,11.369999885559082,11.329999923706055,11.329999923706055,50231.0,CORZ,1m
2024-09-17 15:43:00+00:00,11.380000114440918,11.380000114440918,11.380000114440918,11.333999633789062,11.345000267028809,49118.0,CORZ,1m
2024-09-17 15:44:00+00:00,11.345000267028809,11.345000267028809,11.40999984741211,11.345000267028809,11.385000228881836,39917.0,CORZ,1m
2024-09-17 15:45:00+00:00,11.380000114440918,11.380000114440918,11.385000228881836,11.348799705505371,11.348799705505371,16378.0,CORZ,1m
2024-09-17 15:46:00+00:00,11.37969970703125,11.37969970703125,11.390000343322754,11.373499870300293,11.390000343322754,18647.0,CORZ,1m
2024-09-17 15:47:00+00:00,11.329999923706055,11.329999923706055,11.390000343322754,11.329999923706055,11.375,36817.0,CORZ,1m
2024-09-17 15:48:00+00:00,11.324999809265137,11.324999809265137,11.34000015258789,11.3100004196167,11.335000038146973,35821.0,CORZ,1m
2024-09-17 15:49:00+00:00,11.300000190734863,11.300000190734863,11.34000015258789,11.260000228881836,11.329899787902832,93546.0,CORZ,1m
2024-09-17 15:50:00+00:00,11.289999961853027,11.289999961853027,11.329999923706055,11.277600288391113,11.3100004196167,88319.0,CORZ,1m
2024-09-17 15:51:00+00:00,11.302000045776367,11.302000045776367,11.319999694824219,11.289999961853027,11.300000190734863,41547.0,CORZ,1m
2024-09-17 15:52:00+00:00,11.325799942016602,11.325799942016602,11.329999923706055,11.305000305175781,11.3100004196167,14844.0,CORZ,1m
2024-09-17 15:53:00+00:00,11.31879997253418,11.31879997253418,11.324999809265137,11.300100326538086,11.319999694824219,23246.0,CORZ,1m
2024-09-17 15:54:00+00:00,11.319999694824219,11.319999694824219,11.319999694824219,11.3100004196167,11.3100004196167,11647.0,CORZ,1m
2024-09-17 15:55:00+00:00,11.300000190734863,11.300000190734863,11.3149995803833,11.279999732971191,11.3149995803833,26753.0,CORZ,1m
2024-09-17 15:56:00+00:00,11.3100004196167,11.3100004196167,11.3100004196167,11.279999732971191,11.295000076293945,35614.0,CORZ,1m
2024-09-17 15:57:00+00:00,11.364999771118164,11.364999771118164,11.375,11.3149995803833,11.3149995803833,42356.0,CORZ,1m
2024-09-17 15:58:00+00:00,11.389800071716309,11.389800071716309,11.390000343322754,11.361000061035156,11.369999885559082,16098.0,CORZ,1m
2024-09-17 15:59:00+00:00,11.380000114440918,11.380000114440918,11.390000343322754,11.380000114440918,11.387999534606934,10052.0,CORZ,1m
2024-09-17 16:00:00+00:00,11.392000198364258,11.392000198364258,11.399499893188477,11.350000381469727,11.380000114440918,46673.0,CORZ,1m
2024-09-17 16:01:00+00:00,11.470000267028809,11.470000267028809,11.470000267028809,11.375,11.380000114440918,39692.0,CORZ,1m
2024-09-17 16:02:00+00:00,11.430000305175781,11.430000305175781,11.510000228881836,11.430000305175781,11.470000267028809,79354.0,CORZ,1m
2024-09-17 16:03:00+00:00,11.470000267028809,11.470000267028809,11.489999771118164,11.430000305175781,11.430000305175781,60423.0,CORZ,1m
2024-09-17 16:04:00+00:00,11.47599983215332,11.47599983215332,11.479999542236328,11.46500015258789,11.479999542236328,6668.0,CORZ,1m
2024-09-17 16:05:00+00:00,11.449999809265137,11.449999809265137,11.475000381469727,11.449999809265137,11.472000122070312,7738.0,CORZ,1m
2024-09-17 16:06:00+00:00,11.40999984741211,11.40999984741211,11.449000358581543,11.40999984741211,11.449000358581543,6178.0,CORZ,1m
2024-09-17 16:07:00+00:00,11.446000099182129,11.446000099182129,11.460000038146973,11.404999732971191,11.409899711608887,9574.0,CORZ,1m
2024-09-17 16:08:00+00:00,11.449999809265137,11.449999809265137,11.449999809265137,11.430000305175781,11.444999694824219,5559.0,CORZ,1m
2024-09-17 16:09:00+00:00,11.438799858093262,11.438799858093262,11.470000267028809,11.4350004196167,11.458999633789062,8060.0,CORZ,1m
2024-09-17 16:10:00+00:00,11.410300254821777,11.410300254821777,11.4399995803833,11.390000343322754,11.4399995803833,54366.0,CORZ,1m
2024-09-17 16:11:00+00:00,11.40999984741211,11.40999984741211,11.40999984741211,11.395000457763672,11.395000457763672,1705.0,CORZ,1m
2024-09-17 16:12:00+00:00,11.414999961853027,11.414999961853027,11.420000076293945,11.40999984741211,11.419099807739258,7194.0,CORZ,1m
2024-09-17 16:13:00+00:00,11.404999732971191,11.404999732971191,11.414999961853027,11.399999618530273,11.40999984741211,5600.0,CORZ,1m
2024-09-17 16:14:00+00:00,11.390000343322754,11.390000343322754,11.420000076293945,11.390000343322754,11.40999984741211,9511.0,CORZ,1m
2024-09-17 16:15:00+00:00,11.364999771118164,11.364999771118164,11.398900032043457,11.364999771118164,11.390000343322754,14084.0,CORZ,1m
2024-09-17 16:16:00+00:00,11.359999656677246,11.359999656677246,11.375,11.350000381469727,11.375,23413.0,CORZ,1m
2024-09-17 16:17:00+00:00,11.369999885559082,11.369999885559082,11.375,11.350000381469727,11.350000381469727,21464.0,CORZ,1m
2024-09-17 16:18:00+00:00,11.319999694824219,11.319999694824219,11.369999885559082,11.319999694824219,11.369999885559082,26166.0,CORZ,1m
2024-09-17 16:19:00+00:00,11.279999732971191,11.279999732971191,11.3149995803833,11.279999732971191,11.3149995803833,25282.0,CORZ,1m
2024-09-17 16:20:00+00:00,11.274999618530273,11.274999618530273,11.281999588012695,11.25,11.28030014038086,20551.0,CORZ,1m
2024-09-17 16:21:00+00:00,11.319999694824219,11.319999694824219,11.319999694824219,11.28499984741211,11.28499984741211,6969.0,CORZ,1m
2024-09-17 16:22:00+00:00,11.300000190734863,11.300000190734863,11.324999809265137,11.295000076293945,11.324999809265137,16082.0,CORZ,1m
2024-09-17 16:23:00+00:00,11.274999618530273,11.274999618530273,11.305000305175781,11.260000228881836,11.305000305175781,20497.0,CORZ,1m
2024-09-17 16:24:00+00:00,11.278900146484375,11.278900146484375,11.279999732971191,11.270000457763672,11.274999618530273,10906.0,CORZ,1m
2024-09-17 16:25:00+00:00,11.309599876403809,11.309599876403809,11.309599876403809,11.274999618530273,11.274999618530273,15681.0,CORZ,1m
2024-09-17 16:26:00+00:00,11.255000114440918,11.255000114440918,11.305000305175781,11.255000114440918,11.305000305175781,10843.0,CORZ,1m
2024-09-17 16:27:00+00:00,11.280099868774414,11.280099868774414,11.280099868774414,11.24020004272461,11.255000114440918,39740.0,CORZ,1m
2024-09-17 16:28:00+00:00,11.3100004196167,11.3100004196167,11.329899787902832,11.260000228881836,11.279999732971191,49230.0,CORZ,1m
2024-09-17 16:29:00+00:00,11.319999694824219,11.319999694824219,11.339699745178223,11.319999694824219,11.320099830627441,8894.0,CORZ,1m
2024-09-17 16:30:00+00:00,11.316900253295898,11.316900253295898,11.319899559020996,11.293100357055664,11.3100004196167,20994.0,CORZ,1m
2024-09-17 16:31:00+00:00,11.28499984741211,11.28499984741211,11.317099571228027,11.28380012512207,11.3149995803833,10859.0,CORZ,1m
2024-09-17 16:32:00+00:00,11.274999618530273,11.274999618530273,11.295000076293945,11.274999618530273,11.279999732971191,7641.0,CORZ,1m
2024-09-17 16:33:00+00:00,11.3100004196167,11.3100004196167,11.3100004196167,11.279999732971191,11.279999732971191,5930.0,CORZ,1m
2024-09-17 16:34:00+00:00,11.270000457763672,11.270000457763672,11.31879997253418,11.270000457763672,11.3149995803833,8396.0,CORZ,1m
2024-09-17 16:35:00+00:00,11.270000457763672,11.270000457763672,11.289999961853027,11.250900268554688,11.270000457763672,21268.0,CORZ,1m
2024-09-17 16:36:00+00:00,11.28499984741211,11.28499984741211,11.28909969329834,11.244999885559082,11.270000457763672,7001.0,CORZ,1m
2024-09-17 16:37:00+00:00,11.250100135803223,11.250100135803223,11.279999732971191,11.239999771118164,11.279999732971191,15967.0,CORZ,1m
2024-09-17 16:38:00+00:00,11.244999885559082,11.244999885559082,11.255000114440918,11.244000434875488,11.255000114440918,6476.0,CORZ,1m
2024-09-17 16:39:00+00:00,11.265000343322754,11.265000343322754,11.279999732971191,11.262900352478027,11.279999732971191,1571.0,CORZ,1m
2024-09-17 16:40:00+00:00,11.270000457763672,11.270000457763672,11.274999618530273,11.265000343322754,11.270000457763672,7427.0,CORZ,1m
2024-09-17 16:41:00+00:00,11.17199993133545,11.17199993133545,11.265000343322754,11.170000076293945,11.265000343322754,45668.0,CORZ,1m
2024-09-17 16:42:00+00:00,11.204999923706055,11.204999923706055,11.210000038146973,11.175000190734863,11.180000305175781,35541.0,CORZ,1m
2024-09-17 16:43:00+00:00,11.15999984741211,11.15999984741211,11.210000038146973,11.140000343322754,11.204999923706055,61045.0,CORZ,1m
2024-09-17 16:44:00+00:00,11.149999618530273,11.149999618530273,11.15999984741211,11.149999618530273,11.149999618530273,40355.0,CORZ,1m
2024-09-17 16:45:00+00:00,11.1850004196167,11.1850004196167,11.1850004196167,11.149999618530273,11.149999618530273,24811.0,CORZ,1m
2024-09-17 16:46:00+00:00,11.149999618530273,11.149999618530273,11.187399864196777,11.149999618530273,11.187399864196777,12427.0,CORZ,1m
2024-09-17 16:47:00+00:00,11.055000305175781,11.055000305175781,11.159899711608887,11.029999732971191,11.150199890136719,155368.0,CORZ,1m
2024-09-17 16:48:00+00:00,11.039199829101562,11.039199829101562,11.09000015258789,11.023599624633789,11.0600004196167,214655.0,CORZ,1m
2024-09-17 16:49:00+00:00,10.9399995803833,10.9399995803833,11.050000190734863,10.920000076293945,11.03499984741211,207916.0,CORZ,1m
2024-09-17 16:50:00+00:00,10.954999923706055,10.954999923706055,11.020000457763672,10.920000076293945,10.9399995803833,110229.0,CORZ,1m
2024-09-17 16:51:00+00:00,10.989999771118164,10.989999771118164,11.020000457763672,10.951800346374512,10.951800346374512,44240.0,CORZ,1m
2024-09-17 16:52:00+00:00,10.970000267028809,10.970000267028809,10.979999542236328,10.95199966430664,10.979999542236328,16430.0,CORZ,1m
2024-09-17 16:53:00+00:00,11.0,11.0,11.000100135803223,10.975000381469727,10.975000381469727,27810.0,CORZ,1m
2024-09-17 16:54:00+00:00,10.989999771118164,10.989999771118164,11.0,10.975000381469727,10.989999771118164,27116.0,CORZ,1m
2024-09-17 16:55:00+00:00,11.0,11.0,11.010000228881836,10.979999542236328,10.989999771118164,39214.0,CORZ,1m
2024-09-17 16:56:00+00:00,11.029999732971191,11.029999732971191,11.029999732971191,10.994999885559082,11.007399559020996,23892.0,CORZ,1m
2024-09-17 16:57:00+00:00,11.024999618530273,11.024999618530273,11.045000076293945,11.020000457763672,11.02810001373291,29715.0,CORZ,1m
2024-09-17 16:58:00+00:00,10.989999771118164,10.989999771118164,11.02910041809082,10.979999542236328,11.02910041809082,13491.0,CORZ,1m
2024-09-17 16:59:00+00:00,10.975000381469727,10.975000381469727,10.979999542236328,10.9399995803833,10.979999542236328,25391.0,CORZ,1m
2024-09-17 17:00:00+00:00,11.0,11.0,11.010000228881836,10.970000267028809,10.970000267028809,26681.0,CORZ,1m
2024-09-17 17:01:00+00:00,11.010000228881836,11.010000228881836,11.010000228881836,10.989999771118164,11.009099960327148,9572.0,CORZ,1m
2024-09-17 17:02:00+00:00,10.979999542236328,10.979999542236328,11.008999824523926,10.975000381469727,11.005000114440918,20452.0,CORZ,1m
2024-09-17 17:03:00+00:00,11.020000457763672,11.020000457763672,11.020000457763672,10.96500015258789,10.987899780273438,17848.0,CORZ,1m
2024-09-17 17:04:00+00:00,11.005000114440918,11.005000114440918,11.020000457763672,10.994999885559082,11.015000343322754,19717.0,CORZ,1m
2024-09-17 17:05:00+00:00,11.029999732971191,11.029999732971191,11.029999732971191,11.010000228881836,11.010000228881836,16771.0,CORZ,1m
2024-09-17 17:06:00+00:00,11.089900016784668,11.089900016784668,11.114999771118164,11.022500038146973,11.024999618530273,44536.0,CORZ,1m
2024-09-17 17:07:00+00:00,11.095000267028809,11.095000267028809,11.100000381469727,11.0600004196167,11.079999923706055,18590.0,CORZ,1m
2024-09-17 17:08:00+00:00,11.118399620056152,11.118399620056152,11.125,11.104999542236328,11.104999542236328,16393.0,CORZ,1m
2024-09-17 17:09:00+00:00,11.087599754333496,11.087599754333496,11.119999885559082,11.079999923706055,11.119999885559082,18626.0,CORZ,1m
2024-09-17 17:10:00+00:00,11.0600004196167,11.0600004196167,11.095000267028809,11.050000190734863,11.085000038146973,17350.0,CORZ,1m
2024-09-17 17:11:00+00:00,11.061599731445312,11.061599731445312,11.069999694824219,11.045000076293945,11.055000305175781,26288.0,CORZ,1m
2024-09-17 17:12:00+00:00,11.085000038146973,11.085000038146973,11.09000015258789,11.055000305175781,11.0600004196167,11965.0,CORZ,1m
2024-09-17 17:13:00+00:00,11.135000228881836,11.135000228881836,11.139200210571289,11.074999809265137,11.083999633789062,12359.0,CORZ,1m
2024-09-17 17:14:00+00:00,11.135000228881836,11.135000228881836,11.140000343322754,11.109999656677246,11.140000343322754,13330.0,CORZ,1m
2024-09-17 17:15:00+00:00,11.12399959564209,11.12399959564209,11.145000457763672,11.12399959564209,11.136799812316895,8735.0,CORZ,1m
2024-09-17 17:16:00+00:00,11.114999771118164,11.114999771118164,11.125,11.050000190734863,11.125,107537.0,CORZ,1m
2024-09-17 17:17:00+00:00,11.074999809265137,11.074999809265137,11.100000381469727,11.069999694824219,11.100000381469727,9891.0,CORZ,1m
2024-09-17 17:18:00+00:00,11.089099884033203,11.089099884033203,11.09000015258789,11.050000190734863,11.074999809265137,28462.0,CORZ,1m
2024-09-17 17:19:00+00:00,11.114999771118164,11.114999771118164,11.119400024414062,11.09000015258789,11.09000015258789,10885.0,CORZ,1m
2024-09-17 17:20:00+00:00,11.119999885559082,11.119999885559082,11.130000114440918,11.114999771118164,11.114999771118164,24356.0,CORZ,1m
2024-09-17 17:21:00+00:00,11.114999771118164,11.114999771118164,11.119999885559082,11.114999771118164,11.119999885559082,6103.0,CORZ,1m
2024-09-17 17:22:00+00:00,11.114999771118164,11.114999771118164,11.140000343322754,11.109999656677246,11.119799613952637,20982.0,CORZ,1m
2024-09-17 17:23:00+00:00,11.114999771118164,11.114999771118164,11.119999885559082,11.100000381469727,11.109999656677246,6969.0,CORZ,1m
2024-09-17 17:24:00+00:00,11.149999618530273,11.149999618530273,11.149999618530273,11.109999656677246,11.114999771118164,25777.0,CORZ,1m
2024-09-17 17:25:00+00:00,11.140000343322754,11.140000343322754,11.170000076293945,11.130000114440918,11.149999618530273,39141.0,CORZ,1m
2024-09-17 17:26:00+00:00,11.15999984741211,11.15999984741211,11.15999984741211,11.140000343322754,11.140000343322754,8413.0,CORZ,1m
2024-09-17 17:27:00+00:00,11.188599586486816,11.188599586486816,11.1899995803833,11.154999732971191,11.159899711608887,31712.0,CORZ,1m
2024-09-17 17:28:00+00:00,11.1850004196167,11.1850004196167,11.1899995803833,11.180000305175781,11.1850004196167,4716.0,CORZ,1m
2024-09-17 17:29:00+00:00,11.194999694824219,11.194999694824219,11.210000038146973,11.184000015258789,11.188199996948242,24877.0,CORZ,1m
2024-09-17 17:30:00+00:00,11.220000267028809,11.220000267028809,11.220000267028809,11.187399864196777,11.1899995803833,10193.0,CORZ,1m
2024-09-17 17:31:00+00:00,11.238200187683105,11.238200187683105,11.239999771118164,11.220000267028809,11.225000381469727,23855.0,CORZ,1m
2024-09-17 17:32:00+00:00,11.194999694824219,11.194999694824219,11.220000267028809,11.1899995803833,11.220000267028809,7375.0,CORZ,1m
2024-09-17 17:33:00+00:00,11.194999694824219,11.194999694824219,11.204999923706055,11.1899995803833,11.196000099182129,18461.0,CORZ,1m
2024-09-17 17:34:00+00:00,11.154999732971191,11.154999732971191,11.199899673461914,11.154999732971191,11.190699577331543,17338.0,CORZ,1m
2024-09-17 17:35:00+00:00,11.180000305175781,11.180000305175781,11.180000305175781,11.150799751281738,11.150799751281738,6649.0,CORZ,1m
2024-09-17 17:36:00+00:00,11.199000358581543,11.199000358581543,11.199999809265137,11.1850004196167,11.1850004196167,12666.0,CORZ,1m
2024-09-17 17:37:00+00:00,11.204999923706055,11.204999923706055,11.204999923706055,11.1899995803833,11.194999694824219,4997.0,CORZ,1m
2024-09-17 17:38:00+00:00,11.229999542236328,11.229999542236328,11.234999656677246,11.204999923706055,11.204999923706055,6994.0,CORZ,1m
2024-09-17 17:39:00+00:00,11.244999885559082,11.244999885559082,11.244999885559082,11.234999656677246,11.239999771118164,7006.0,CORZ,1m
2024-09-17 17:40:00+00:00,11.239899635314941,11.239899635314941,11.2475004196167,11.21500015258789,11.244999885559082,15069.0,CORZ,1m
2024-09-17 17:41:00+00:00,11.239999771118164,11.239999771118164,11.239999771118164,11.220000267028809,11.234999656677246,4635.0,CORZ,1m
2024-09-17 17:42:00+00:00,11.237500190734863,11.237500190734863,11.25,11.234999656677246,11.234999656677246,15245.0,CORZ,1m
2024-09-17 17:43:00+00:00,11.228400230407715,11.228400230407715,11.229999542236328,11.21500015258789,11.229999542236328,3565.0,CORZ,1m
2024-09-17 17:44:00+00:00,11.220000267028809,11.220000267028809,11.229999542236328,11.220000267028809,11.225000381469727,6872.0,CORZ,1m
2024-09-17 17:45:00+00:00,11.194999694824219,11.194999694824219,11.220000267028809,11.1899995803833,11.220000267028809,16647.0,CORZ,1m
2024-09-17 17:46:00+00:00,11.246000289916992,11.246000289916992,11.246000289916992,11.193900108337402,11.194999694824219,32225.0,CORZ,1m
2024-09-17 17:47:00+00:00,11.234999656677246,11.234999656677246,11.25,11.234999656677246,11.244999885559082,12824.0,CORZ,1m
2024-09-17 17:48:00+00:00,11.258299827575684,11.258299827575684,11.260000228881836,11.239999771118164,11.239999771118164,7424.0,CORZ,1m
2024-09-17 17:49:00+00:00,11.255000114440918,11.255000114440918,11.259900093078613,11.239999771118164,11.259699821472168,17438.0,CORZ,1m
2024-09-17 17:50:00+00:00,11.21500015258789,11.21500015258789,11.277199745178223,11.204999923706055,11.255000114440918,49724.0,CORZ,1m
2024-09-17 17:51:00+00:00,11.194999694824219,11.194999694824219,11.21500015258789,11.194499969482422,11.21500015258789,14262.0,CORZ,1m
2024-09-17 17:52:00+00:00,11.199899673461914,11.199899673461914,11.220000267028809,11.17140007019043,11.19909954071045,21566.0,CORZ,1m
2024-09-17 17:53:00+00:00,11.225700378417969,11.225700378417969,11.229999542236328,11.199999809265137,11.199999809265137,13499.0,CORZ,1m
2024-09-17 17:54:00+00:00,11.234999656677246,11.234999656677246,11.23799991607666,11.222000122070312,11.229999542236328,6070.0,CORZ,1m
2024-09-17 17:55:00+00:00,11.234999656677246,11.234999656677246,11.238800048828125,11.21500015258789,11.227299690246582,6394.0,CORZ,1m
2024-09-17 17:56:00+00:00,11.22719955444336,11.22719955444336,11.239999771118164,11.220000267028809,11.234999656677246,6865.0,CORZ,1m
2024-09-17 17:57:00+00:00,11.255000114440918,11.255000114440918,11.260000228881836,11.225000381469727,11.229999542236328,14380.0,CORZ,1m
2024-09-17 17:58:00+00:00,11.287199974060059,11.287199974060059,11.289899826049805,11.255900382995605,11.255900382995605,19525.0,CORZ,1m
2024-09-17 17:59:00+00:00,11.274999618530273,11.274999618530273,11.289999961853027,11.274999618530273,11.28499984741211,7457.0,CORZ,1m
2024-09-17 18:00:00+00:00,11.279999732971191,11.279999732971191,11.279999732971191,11.260000228881836,11.270000457763672,5626.0,CORZ,1m
2024-09-17 18:01:00+00:00,11.289999961853027,11.289999961853027,11.289999961853027,11.274999618530273,11.274999618530273,4777.0,CORZ,1m
2024-09-17 18:02:00+00:00,11.28499984741211,11.28499984741211,11.300000190734863,11.279999732971191,11.295599937438965,33489.0,CORZ,1m
2024-09-17 18:03:00+00:00,11.305000305175781,11.305000305175781,11.3100004196167,11.289999961853027,11.289999961853027,9118.0,CORZ,1m
2024-09-17 18:04:00+00:00,11.300000190734863,11.300000190734863,11.3100004196167,11.300000190734863,11.305000305175781,5452.0,CORZ,1m
2024-09-17 18:05:00+00:00,11.300000190734863,11.300000190734863,11.3100004196167,11.300000190734863,11.305000305175781,5071.0,CORZ,1m
2024-09-17 18:06:00+00:00,11.297800064086914,11.297800064086914,11.3100004196167,11.289999961853027,11.305000305175781,8566.0,CORZ,1m
2024-09-17 18:07:00+00:00,11.305000305175781,11.305000305175781,11.3100004196167,11.289999961853027,11.297100067138672,5192.0,CORZ,1m
2024-09-17 18:08:00+00:00,11.295000076293945,11.295000076293945,11.329999923706055,11.289999961853027,11.3100004196167,28741.0,CORZ,1m
2024-09-17 18:09:00+00:00,11.300000190734863,11.300000190734863,11.3100004196167,11.289999961853027,11.295000076293945,7433.0,CORZ,1m
2024-09-17 18:10:00+00:00,11.265000343322754,11.265000343322754,11.299099922180176,11.265000343322754,11.295000076293945,17869.0,CORZ,1m
2024-09-17 18:11:00+00:00,11.279999732971191,11.279999732971191,11.279999732971191,11.25,11.260000228881836,32424.0,CORZ,1m
2024-09-17 18:12:00+00:00,11.265000343322754,11.265000343322754,11.295000076293945,11.265000343322754,11.28499984741211,11246.0,CORZ,1m
2024-09-17 18:13:00+00:00,11.270000457763672,11.270000457763672,11.274999618530273,11.260000228881836,11.263899803161621,7317.0,CORZ,1m
2024-09-17 18:14:00+00:00,11.255000114440918,11.255000114440918,11.265000343322754,11.244999885559082,11.260000228881836,23734.0,CORZ,1m
2024-09-17 18:15:00+00:00,11.289999961853027,11.289999961853027,11.289999961853027,11.250100135803223,11.250100135803223,2381.0,CORZ,1m
2024-09-17 18:16:00+00:00,11.295000076293945,11.295000076293945,11.295000076293945,11.28499984741211,11.288999557495117,9954.0,CORZ,1m
2024-09-17 18:17:00+00:00,11.295000076293945,11.295000076293945,11.300000190734863,11.290300369262695,11.295000076293945,3434.0,CORZ,1m
2024-09-17 18:18:00+00:00,11.274999618530273,11.274999618530273,11.295000076293945,11.270000457763672,11.289999961853027,8193.0,CORZ,1m
2024-09-17 18:19:00+00:00,11.274999618530273,11.274999618530273,11.279999732971191,11.260000228881836,11.27400016784668,7018.0,CORZ,1m
2024-09-17 18:20:00+00:00,11.260000228881836,11.260000228881836,11.270000457763672,11.255000114440918,11.270000457763672,4822.0,CORZ,1m
2024-09-17 18:21:00+00:00,11.28499984741211,11.28499984741211,11.28499984741211,11.265000343322754,11.265000343322754,6891.0,CORZ,1m
2024-09-17 18:22:00+00:00,11.28499984741211,11.28499984741211,11.289999961853027,11.274999618530273,11.279999732971191,4601.0,CORZ,1m
2024-09-17 18:23:00+00:00,11.295000076293945,11.295000076293945,11.295000076293945,11.28499984741211,11.28499984741211,3641.0,CORZ,1m
2024-09-17 18:24:00+00:00,11.300000190734863,11.300000190734863,11.300000190734863,11.289999961853027,11.295000076293945,3928.0,CORZ,1m
2024-09-17 18:25:00+00:00,11.3149995803833,11.3149995803833,11.3149995803833,11.295000076293945,11.298999786376953,12310.0,CORZ,1m
2024-09-17 18:26:00+00:00,11.3149995803833,11.3149995803833,11.319999694824219,11.3149995803833,11.3149995803833,4669.0,CORZ,1m
2024-09-17 18:27:00+00:00,11.329000473022461,11.329000473022461,11.34000015258789,11.300000190734863,11.3149995803833,55670.0,CORZ,1m
2024-09-17 18:28:00+00:00,11.324999809265137,11.324999809265137,11.329999923706055,11.300000190734863,11.324999809265137,28994.0,CORZ,1m
2024-09-17 18:29:00+00:00,11.34000015258789,11.34000015258789,11.34000015258789,11.324999809265137,11.329999923706055,12027.0,CORZ,1m
2024-09-17 18:30:00+00:00,11.319999694824219,11.319999694824219,11.34000015258789,11.305000305175781,11.34000015258789,25396.0,CORZ,1m
2024-09-17 18:31:00+00:00,11.305000305175781,11.305000305175781,11.319999694824219,11.300000190734863,11.319999694824219,19523.0,CORZ,1m
2024-09-17 18:32:00+00:00,11.3149995803833,11.3149995803833,11.327500343322754,11.3149995803833,11.3149995803833,12484.0,CORZ,1m
2024-09-17 18:33:00+00:00,11.329999923706055,11.329999923706055,11.329999923706055,11.319999694824219,11.319999694824219,5174.0,CORZ,1m
2024-09-17 18:34:00+00:00,11.3149995803833,11.3149995803833,11.329999923706055,11.3149995803833,11.329999923706055,10885.0,CORZ,1m
2024-09-17 18:35:00+00:00,11.34000015258789,11.34000015258789,11.34000015258789,11.3100004196167,11.313899993896484,32145.0,CORZ,1m
2024-09-17 18:36:00+00:00,11.345000267028809,11.345000267028809,11.350000381469727,11.344200134277344,11.349900245666504,3622.0,CORZ,1m
2024-09-17 18:37:00+00:00,11.367799758911133,11.367799758911133,11.369999885559082,11.341500282287598,11.345000267028809,32128.0,CORZ,1m
2024-09-17 18:38:00+00:00,11.40310001373291,11.40310001373291,11.406399726867676,11.364999771118164,11.364999771118164,17944.0,CORZ,1m
2024-09-17 18:39:00+00:00,11.404999732971191,11.404999732971191,11.429400444030762,11.399999618530273,11.404999732971191,81447.0,CORZ,1m
2024-09-17 18:40:00+00:00,11.404999732971191,11.404999732971191,11.40999984741211,11.369999885559082,11.390000343322754,56056.0,CORZ,1m
2024-09-17 18:41:00+00:00,11.404999732971191,11.404999732971191,11.40999984741211,11.380000114440918,11.404999732971191,26595.0,CORZ,1m
2024-09-17 18:42:00+00:00,11.40999984741211,11.40999984741211,11.418600082397461,11.399999618530273,11.404999732971191,25765.0,CORZ,1m
2024-09-17 18:43:00+00:00,11.4350004196167,11.4350004196167,11.439900398254395,11.434000015258789,11.4350004196167,30574.0,CORZ,1m
2024-09-17 18:44:00+00:00,11.444999694824219,11.444999694824219,11.444999694824219,11.4350004196167,11.439000129699707,8017.0,CORZ,1m
2024-09-17 18:45:00+00:00,11.430000305175781,11.430000305175781,11.460000038146973,11.430000305175781,11.444999694824219,36547.0,CORZ,1m
2024-09-17 18:46:00+00:00,11.454999923706055,11.454999923706055,11.479499816894531,11.430100440979004,11.430100440979004,54778.0,CORZ,1m
2024-09-17 18:47:00+00:00,11.449999809265137,11.449999809265137,11.478599548339844,11.449999809265137,11.460000038146973,62284.0,CORZ,1m
2024-09-17 18:48:00+00:00,11.369999885559082,11.369999885559082,11.460000038146973,11.34000015258789,11.460000038146973,59652.0,CORZ,1m
2024-09-17 18:49:00+00:00,11.388999938964844,11.388999938964844,11.388999938964844,11.359999656677246,11.369000434875488,8221.0,CORZ,1m
2024-09-17 18:50:00+00:00,11.385000228881836,11.385000228881836,11.385000228881836,11.373900413513184,11.383999824523926,3167.0,CORZ,1m
2024-09-17 18:51:00+00:00,11.375,11.375,11.380000114440918,11.36400032043457,11.380000114440918,10721.0,CORZ,1m
2024-09-17 18:52:00+00:00,11.375,11.375,11.385000228881836,11.359999656677246,11.385000228881836,15878.0,CORZ,1m
2024-09-17 18:53:00+00:00,11.390000343322754,11.390000343322754,11.404999732971191,11.369999885559082,11.375,28054.0,CORZ,1m
2024-09-17 18:54:00+00:00,11.40999984741211,11.40999984741211,11.40999984741211,11.390000343322754,11.390000343322754,14220.0,CORZ,1m
2024-09-17 18:55:00+00:00,11.404999732971191,11.404999732971191,11.414999961853027,11.399999618530273,11.40999984741211,11369.0,CORZ,1m
2024-09-17 18:56:00+00:00,11.39229965209961,11.39229965209961,11.40999984741211,11.39229965209961,11.40999984741211,17069.0,CORZ,1m
2024-09-17 18:57:00+00:00,11.404999732971191,11.404999732971191,11.40999984741211,11.390000343322754,11.395000457763672,6558.0,CORZ,1m
2024-09-17 18:58:00+00:00,11.404999732971191,11.404999732971191,11.420000076293945,11.392399787902832,11.392499923706055,25153.0,CORZ,1m
2024-09-17 18:59:00+00:00,11.418299674987793,11.418299674987793,11.420000076293945,11.400099754333496,11.40999984741211,13516.0,CORZ,1m
2024-09-17 19:00:00+00:00,11.449999809265137,11.449999809265137,11.449999809265137,11.40999984741211,11.414999961853027,22817.0,CORZ,1m
2024-09-17 19:01:00+00:00,11.444999694824219,11.444999694824219,11.449999809265137,11.425000190734863,11.444999694824219,20786.0,CORZ,1m
2024-09-17 19:02:00+00:00,11.470000267028809,11.470000267028809,11.470000267028809,11.444999694824219,11.449999809265137,13853.0,CORZ,1m
2024-09-17 19:03:00+00:00,11.470000267028809,11.470000267028809,11.470000267028809,11.460000038146973,11.46500015258789,24698.0,CORZ,1m
2024-09-17 19:04:00+00:00,11.459099769592285,11.459099769592285,11.466899871826172,11.459099769592285,11.46500015258789,11316.0,CORZ,1m
2024-09-17 19:05:00+00:00,11.456000328063965,11.456000328063965,11.456000328063965,11.4399995803833,11.444999694824219,12437.0,CORZ,1m
2024-09-17 19:06:00+00:00,11.454999923706055,11.454999923706055,11.4576997756958,11.449999809265137,11.454999923706055,14654.0,CORZ,1m
2024-09-17 19:07:00+00:00,11.395000457763672,11.395000457763672,11.46500015258789,11.395000457763672,11.460000038146973,74554.0,CORZ,1m
2024-09-17 19:08:00+00:00,11.430000305175781,11.430000305175781,11.430000305175781,11.395000457763672,11.395000457763672,44276.0,CORZ,1m
2024-09-17 19:09:00+00:00,11.4350004196167,11.4350004196167,11.444999694824219,11.425000190734863,11.430000305175781,14256.0,CORZ,1m
2024-09-17 19:10:00+00:00,11.494999885559082,11.494999885559082,11.5,11.430000305175781,11.430000305175781,27914.0,CORZ,1m
2024-09-17 19:11:00+00:00,11.494999885559082,11.494999885559082,11.505000114440918,11.489999771118164,11.5,28618.0,CORZ,1m
2024-09-17 19:12:00+00:00,11.490099906921387,11.490099906921387,11.510000228881836,11.490099906921387,11.5,47674.0,CORZ,1m
2024-09-17 19:13:00+00:00,11.505000114440918,11.505000114440918,11.510000228881836,11.494999885559082,11.494999885559082,17025.0,CORZ,1m
2024-09-17 19:14:00+00:00,11.494999885559082,11.494999885559082,11.509900093078613,11.494999885559082,11.505000114440918,33016.0,CORZ,1m
2024-09-17 19:15:00+00:00,11.494099617004395,11.494099617004395,11.5,11.489999771118164,11.494999885559082,9810.0,CORZ,1m
2024-09-17 19:16:00+00:00,11.522000312805176,11.522000312805176,11.529999732971191,11.497699737548828,11.498499870300293,33130.0,CORZ,1m
2024-09-17 19:17:00+00:00,11.524999618530273,11.524999618530273,11.529999732971191,11.520000457763672,11.524999618530273,27085.0,CORZ,1m
2024-09-17 19:18:00+00:00,11.515000343322754,11.515000343322754,11.529999732971191,11.510000228881836,11.520000457763672,37110.0,CORZ,1m
2024-09-17 19:19:00+00:00,11.515000343322754,11.515000343322754,11.519700050354004,11.510000228881836,11.515000343322754,16569.0,CORZ,1m
2024-09-17 19:20:00+00:00,11.524999618530273,11.524999618530273,11.529999732971191,11.520000457763672,11.524999618530273,62761.0,CORZ,1m
2024-09-17 19:21:00+00:00,11.524999618530273,11.524999618530273,11.529999732971191,11.522500038146973,11.524999618530273,11245.0,CORZ,1m
2024-09-17 19:22:00+00:00,11.529999732971191,11.529999732971191,11.529999732971191,11.515000343322754,11.524999618530273,38802.0,CORZ,1m
2024-09-17 19:23:00+00:00,11.484999656677246,11.484999656677246,11.524999618530273,11.470000267028809,11.524999618530273,68222.0,CORZ,1m
2024-09-17 19:24:00+00:00,11.494999885559082,11.494999885559082,11.505000114440918,11.482000350952148,11.482000350952148,12470.0,CORZ,1m
2024-09-17 19:25:00+00:00,11.494999885559082,11.494999885559082,11.510000228881836,11.494999885559082,11.5,36301.0,CORZ,1m
2024-09-17 19:26:00+00:00,11.46500015258789,11.46500015258789,11.494999885559082,11.460000038146973,11.489999771118164,23837.0,CORZ,1m
2024-09-17 19:27:00+00:00,11.454999923706055,11.454999923706055,11.484999656677246,11.4350004196167,11.4399995803833,15164.0,CORZ,1m
2024-09-17 19:28:00+00:00,11.430000305175781,11.430000305175781,11.460000038146973,11.430000305175781,11.449999809265137,26992.0,CORZ,1m
2024-09-17 19:29:00+00:00,11.444999694824219,11.444999694824219,11.454999923706055,11.4350004196167,11.4350004196167,11048.0,CORZ,1m
2024-09-17 19:30:00+00:00,11.444999694824219,11.444999694824219,11.44890022277832,11.430000305175781,11.444999694824219,16703.0,CORZ,1m
2024-09-17 19:31:00+00:00,11.46500015258789,11.46500015258789,11.469400405883789,11.4399995803833,11.44260025024414,16263.0,CORZ,1m
2024-09-17 19:32:00+00:00,11.465999603271484,11.465999603271484,11.470000267028809,11.460000038146973,11.46500015258789,15279.0,CORZ,1m
2024-09-17 19:33:00+00:00,11.46500015258789,11.46500015258789,11.470000267028809,11.464099884033203,11.46500015258789,7959.0,CORZ,1m
2024-09-17 19:34:00+00:00,11.46399974822998,11.46399974822998,11.46500015258789,11.460000038146973,11.46500015258789,36270.0,CORZ,1m
2024-09-17 19:35:00+00:00,11.43690013885498,11.43690013885498,11.46500015258789,11.4350004196167,11.46500015258789,40455.0,CORZ,1m
2024-09-17 19:36:00+00:00,11.4350004196167,11.4350004196167,11.454999923706055,11.4350004196167,11.4350004196167,22530.0,CORZ,1m
2024-09-17 19:37:00+00:00,11.484999656677246,11.484999656677246,11.484999656677246,11.4399995803833,11.4399995803833,45755.0,CORZ,1m
2024-09-17 19:38:00+00:00,11.524999618530273,11.524999618530273,11.524999618530273,11.484000205993652,11.484999656677246,49281.0,CORZ,1m
2024-09-17 19:39:00+00:00,11.505000114440918,11.505000114440918,11.529999732971191,11.49370002746582,11.524999618530273,34476.0,CORZ,1m
2024-09-17 19:40:00+00:00,11.46500015258789,11.46500015258789,11.509699821472168,11.46500015258789,11.505000114440918,24733.0,CORZ,1m
2024-09-17 19:41:00+00:00,11.5,11.5,11.509900093078613,11.46500015258789,11.475000381469727,57716.0,CORZ,1m
2024-09-17 19:42:00+00:00,11.510000228881836,11.510000228881836,11.510000228881836,11.5,11.505000114440918,10729.0,CORZ,1m
2024-09-17 19:43:00+00:00,11.5,11.5,11.520000457763672,11.492500305175781,11.505000114440918,44437.0,CORZ,1m
2024-09-17 19:44:00+00:00,11.5,11.5,11.5,11.489999771118164,11.494999885559082,6927.0,CORZ,1m
2024-09-17 19:45:00+00:00,11.494999885559082,11.494999885559082,11.5,11.489999771118164,11.494999885559082,22275.0,CORZ,1m
2024-09-17 19:46:00+00:00,11.494999885559082,11.494999885559082,11.5,11.484999656677246,11.494999885559082,26349.0,CORZ,1m
2024-09-17 19:47:00+00:00,11.5,11.5,11.5,11.489999771118164,11.489999771118164,24083.0,CORZ,1m
2024-09-17 19:48:00+00:00,11.5,11.5,11.5,11.494999885559082,11.5,17041.0,CORZ,1m
2024-09-17 19:49:00+00:00,11.510000228881836,11.510000228881836,11.510000228881836,11.489999771118164,11.5,38026.0,CORZ,1m
2024-09-17 19:50:00+00:00,11.545000076293945,11.545000076293945,11.550000190734863,11.505000114440918,11.505000114440918,313005.0,CORZ,1m
2024-09-17 19:51:00+00:00,11.569999694824219,11.569999694824219,11.569999694824219,11.539999961853027,11.545000076293945,149197.0,CORZ,1m
2024-09-17 19:52:00+00:00,11.510000228881836,11.510000228881836,11.569999694824219,11.510000228881836,11.5625,76024.0,CORZ,1m
2024-09-17 19:53:00+00:00,11.484999656677246,11.484999656677246,11.539999961853027,11.475000381469727,11.515000343322754,190957.0,CORZ,1m
2024-09-17 19:54:00+00:00,11.46500015258789,11.46500015258789,11.489999771118164,11.460000038146973,11.484999656677246,100524.0,CORZ,1m
2024-09-17 19:55:00+00:00,11.494999885559082,11.494999885559082,11.5,11.460000038146973,11.46500015258789,113377.0,CORZ,1m
2024-09-17 19:56:00+00:00,11.496600151062012,11.496600151062012,11.5,11.46500015258789,11.494999885559082,66789.0,CORZ,1m
2024-09-17 19:57:00+00:00,11.494999885559082,11.494999885559082,11.520000457763672,11.489999771118164,11.494999885559082,138460.0,CORZ,1m
2024-09-17 19:58:00+00:00,11.494999885559082,11.494999885559082,11.5,11.48009967803955,11.494999885559082,74113.0,CORZ,1m
2024-09-17 19:59:00+00:00,11.479999542236328,11.479999542236328,11.5,11.470000267028809,11.494999885559082,182361.0,CORZ,1m
2024-09-18 13:30:00+00:00,11.579999923706055,11.579999923706055,11.640000343322754,11.420000076293945,11.4350004196167,157352.0,CORZ,1m
2024-09-18 13:31:00+00:00,11.53499984741211,11.53499984741211,11.569999694824219,11.524999618530273,11.569999694824219,12901.0,CORZ,1m
2024-09-18 13:32:00+00:00,11.680000305175781,11.680000305175781,11.6899995803833,11.533300399780273,11.533300399780273,47592.0,CORZ,1m
2024-09-18 13:33:00+00:00,11.699999809265137,11.699999809265137,11.720100402832031,11.664999961853027,11.670000076293945,61463.0,CORZ,1m
2024-09-18 13:34:00+00:00,11.65999984741211,11.65999984741211,11.704999923706055,11.619999885559082,11.70009994506836,59689.0,CORZ,1m
2024-09-18 13:35:00+00:00,11.645000457763672,11.645000457763672,11.670000076293945,11.600000381469727,11.660900115966797,44646.0,CORZ,1m
2024-09-18 13:36:00+00:00,11.629400253295898,11.629400253295898,11.657999992370605,11.604999542236328,11.645000457763672,12246.0,CORZ,1m
2024-09-18 13:37:00+00:00,11.604999542236328,11.604999542236328,11.635000228881836,11.60200023651123,11.630000114440918,37986.0,CORZ,1m
2024-09-18 13:38:00+00:00,11.555000305175781,11.555000305175781,11.609999656677246,11.555000305175781,11.604999542236328,24609.0,CORZ,1m
2024-09-18 13:39:00+00:00,11.600000381469727,11.600000381469727,11.600000381469727,11.574999809265137,11.579999923706055,18895.0,CORZ,1m
2024-09-18 13:40:00+00:00,11.600000381469727,11.600000381469727,11.600000381469727,11.579999923706055,11.59000015258789,18954.0,CORZ,1m
2024-09-18 13:41:00+00:00,11.614999771118164,11.614999771118164,11.630000114440918,11.601400375366211,11.604999542236328,21462.0,CORZ,1m
2024-09-18 13:42:00+00:00,11.625,11.625,11.640000343322754,11.609999656677246,11.619999885559082,20338.0,CORZ,1m
2024-09-18 13:43:00+00:00,11.590200424194336,11.590200424194336,11.645000457763672,11.589799880981445,11.645000457763672,29188.0,CORZ,1m
2024-09-18 13:44:00+00:00,11.553999900817871,11.553999900817871,11.595000267028809,11.539999961853027,11.595000267028809,15726.0,CORZ,1m
2024-09-18 13:45:00+00:00,11.637299537658691,11.637299537658691,11.640000343322754,11.555000305175781,11.555000305175781,17018.0,CORZ,1m
2024-09-18 13:46:00+00:00,11.629899978637695,11.629899978637695,11.65999984741211,11.604999542236328,11.649999618530273,20069.0,CORZ,1m
2024-09-18 13:47:00+00:00,11.649999618530273,11.649999618530273,11.680000305175781,11.625,11.625,28274.0,CORZ,1m
2024-09-18 13:48:00+00:00,11.63860034942627,11.63860034942627,11.663999557495117,11.630000114440918,11.649900436401367,12160.0,CORZ,1m
2024-09-18 13:49:00+00:00,11.656399726867676,11.656399726867676,11.670000076293945,11.640000343322754,11.640000343322754,24298.0,CORZ,1m
2024-09-18 13:50:00+00:00,11.61989974975586,11.61989974975586,11.65999984741211,11.569999694824219,11.654999732971191,14926.0,CORZ,1m
2024-09-18 13:51:00+00:00,11.657299995422363,11.657299995422363,11.670000076293945,11.629899978637695,11.629899978637695,17997.0,CORZ,1m
2024-09-18 13:52:00+00:00,11.635000228881836,11.635000228881836,11.645000457763672,11.630000114440918,11.645000457763672,4313.0,CORZ,1m
2024-09-18 13:53:00+00:00,11.640000343322754,11.640000343322754,11.649900436401367,11.630000114440918,11.640000343322754,13109.0,CORZ,1m
2024-09-18 13:54:00+00:00,11.65999984741211,11.65999984741211,11.680000305175781,11.649999618530273,11.649999618530273,17770.0,CORZ,1m
2024-09-18 13:55:00+00:00,11.640000343322754,11.640000343322754,11.65999984741211,11.640000343322754,11.654999732971191,11180.0,CORZ,1m
2024-09-18 13:56:00+00:00,11.60099983215332,11.60099983215332,11.645000457763672,11.60099983215332,11.640000343322754,27885.0,CORZ,1m
2024-09-18 13:57:00+00:00,11.630000114440918,11.630000114440918,11.635000228881836,11.609999656677246,11.609999656677246,12184.0,CORZ,1m
2024-09-18 13:58:00+00:00,11.635000228881836,11.635000228881836,11.649999618530273,11.614999771118164,11.63010025024414,53548.0,CORZ,1m
2024-09-18 13:59:00+00:00,11.670000076293945,11.670000076293945,11.670000076293945,11.635000228881836,11.635000228881836,6820.0,CORZ,1m
2024-09-18 14:00:00+00:00,11.649999618530273,11.649999618530273,11.664999961853027,11.630000114440918,11.664999961853027,22314.0,CORZ,1m
2024-09-18 14:01:00+00:00,11.649900436401367,11.649900436401367,11.654999732971191,11.635000228881836,11.649999618530273,5384.0,CORZ,1m
2024-09-18 14:02:00+00:00,11.675000190734863,11.675000190734863,11.6899995803833,11.645000457763672,11.649999618530273,58391.0,CORZ,1m
2024-09-18 14:03:00+00:00,11.728500366210938,11.728500366210938,11.729999542236328,11.675000190734863,11.675000190734863,22378.0,CORZ,1m
2024-09-18 14:04:00+00:00,11.699999809265137,11.699999809265137,11.720000267028809,11.6899995803833,11.720000267028809,16289.0,CORZ,1m
2024-09-18 14:05:00+00:00,11.645000457763672,11.645000457763672,11.699999809265137,11.645000457763672,11.690099716186523,33268.0,CORZ,1m
2024-09-18 14:06:00+00:00,11.664999961853027,11.664999961853027,11.664999961853027,11.635000228881836,11.640000343322754,38545.0,CORZ,1m
2024-09-18 14:07:00+00:00,11.694999694824219,11.694999694824219,11.729999542236328,11.670000076293945,11.670000076293945,58322.0,CORZ,1m
2024-09-18 14:08:00+00:00,11.704999923706055,11.704999923706055,11.720000267028809,11.6850004196167,11.694999694824219,66319.0,CORZ,1m
2024-09-18 14:09:00+00:00,11.710000038146973,11.710000038146973,11.710000038146973,11.690999984741211,11.699999809265137,69201.0,CORZ,1m
2024-09-18 14:10:00+00:00,11.720000267028809,11.720000267028809,11.739999771118164,11.710000038146973,11.720000267028809,138239.0,CORZ,1m
2024-09-18 14:11:00+00:00,11.711000442504883,11.711000442504883,11.770000457763672,11.711000442504883,11.729999542236328,142788.0,CORZ,1m
2024-09-18 14:12:00+00:00,11.758399963378906,11.758399963378906,11.758399963378906,11.710000038146973,11.720000267028809,42356.0,CORZ,1m
2024-09-18 14:13:00+00:00,11.755000114440918,11.755000114440918,11.779999732971191,11.739999771118164,11.759900093078613,138407.0,CORZ,1m
2024-09-18 14:14:00+00:00,11.76200008392334,11.76200008392334,11.770000457763672,11.734999656677246,11.755000114440918,36302.0,CORZ,1m
2024-09-18 14:15:00+00:00,11.774999618530273,11.774999618530273,11.800000190734863,11.755000114440918,11.770000457763672,148104.0,CORZ,1m
2024-09-18 14:16:00+00:00,11.774999618530273,11.774999618530273,11.789999961853027,11.744999885559082,11.765000343322754,104751.0,CORZ,1m
2024-09-18 14:17:00+00:00,11.755000114440918,11.755000114440918,11.789999961853027,11.750100135803223,11.774999618530273,63798.0,CORZ,1m
2024-09-18 14:18:00+00:00,11.795000076293945,11.795000076293945,11.800000190734863,11.752300262451172,11.752300262451172,21583.0,CORZ,1m
2024-09-18 14:19:00+00:00,11.774999618530273,11.774999618530273,11.805000305175781,11.770000457763672,11.800000190734863,129433.0,CORZ,1m
2024-09-18 14:20:00+00:00,11.774999618530273,11.774999618530273,11.8100004196167,11.774999618530273,11.774999618530273,49662.0,CORZ,1m
2024-09-18 14:21:00+00:00,11.777799606323242,11.777799606323242,11.779999732971191,11.770000457763672,11.777000427246094,23692.0,CORZ,1m
2024-09-18 14:22:00+00:00,11.771900177001953,11.771900177001953,11.805000305175781,11.770000457763672,11.779999732971191,32548.0,CORZ,1m
2024-09-18 14:23:00+00:00,11.782600402832031,11.782600402832031,11.8100004196167,11.774999618530273,11.774999618530273,27959.0,CORZ,1m
2024-09-18 14:24:00+00:00,11.805000305175781,11.805000305175781,11.819999694824219,11.774999618530273,11.78279972076416,73150.0,CORZ,1m
2024-09-18 14:25:00+00:00,11.824999809265137,11.824999809265137,11.84000015258789,11.779999732971191,11.800000190734863,37677.0,CORZ,1m
2024-09-18 14:26:00+00:00,11.879899978637695,11.879899978637695,11.880000114440918,11.819700241088867,11.824999809265137,65788.0,CORZ,1m
2024-09-18 14:27:00+00:00,11.944999694824219,11.944999694824219,11.949999809265137,11.875,11.875,48171.0,CORZ,1m
2024-09-18 14:28:00+00:00,11.895000457763672,11.895000457763672,11.944999694824219,11.859999656677246,11.944999694824219,89937.0,CORZ,1m
2024-09-18 14:29:00+00:00,11.938199996948242,11.938199996948242,11.9399995803833,11.890000343322754,11.895000457763672,22125.0,CORZ,1m
2024-09-18 14:30:00+00:00,11.989700317382812,11.989700317382812,11.989999771118164,11.9399995803833,11.9399995803833,94935.0,CORZ,1m
2024-09-18 14:31:00+00:00,11.987700462341309,11.987700462341309,11.989999771118164,11.96500015258789,11.984999656677246,122697.0,CORZ,1m
2024-09-18 14:32:00+00:00,11.914999961853027,11.914999961853027,11.989999771118164,11.90999984741211,11.984999656677246,114062.0,CORZ,1m
2024-09-18 14:33:00+00:00,11.975000381469727,11.975000381469727,11.979999542236328,11.912699699401855,11.914999961853027,61772.0,CORZ,1m
2024-09-18 14:34:00+00:00,12.010000228881836,12.010000228881836,12.024999618530273,11.961999893188477,11.970000267028809,152361.0,CORZ,1m
2024-09-18 14:35:00+00:00,11.974699974060059,11.974699974060059,11.974699974060059,11.974699974060059,11.974699974060059,35560.0,CORZ,1m
2024-09-18 14:36:00+00:00,11.9350004196167,11.9350004196167,11.986000061035156,11.9350004196167,11.979999542236328,63960.0,CORZ,1m
2024-09-18 14:37:00+00:00,11.954999923706055,11.954999923706055,11.960000038146973,11.920000076293945,11.93809986114502,20005.0,CORZ,1m
2024-09-18 14:38:00+00:00,12.005000114440918,12.005000114440918,12.005000114440918,11.960000038146973,11.960000038146973,69818.0,CORZ,1m
2024-09-18 14:39:00+00:00,11.990099906921387,11.990099906921387,12.010000228881836,11.961099624633789,12.005000114440918,100021.0,CORZ,1m
2024-09-18 14:40:00+00:00,11.934000015258789,11.934000015258789,12.0,11.934000015258789,11.994999885559082,65756.0,CORZ,1m
2024-09-18 14:41:00+00:00,11.946000099182129,11.946000099182129,11.970000267028809,11.93120002746582,11.9350004196167,61678.0,CORZ,1m
2024-09-18 14:42:00+00:00,11.9350004196167,11.9350004196167,11.949999809265137,11.925000190734863,11.9399995803833,35912.0,CORZ,1m
2024-09-18 14:43:00+00:00,11.949999809265137,11.949999809265137,11.949999809265137,11.934000015258789,11.949999809265137,22826.0,CORZ,1m
2024-09-18 14:44:00+00:00,11.944999694824219,11.944999694824219,11.970000267028809,11.914999961853027,11.944999694824219,79404.0,CORZ,1m
2024-09-18 14:45:00+00:00,11.971400260925293,11.971400260925293,11.979999542236328,11.9399995803833,11.944999694824219,52061.0,CORZ,1m
2024-09-18 14:46:00+00:00,11.979999542236328,11.979999542236328,11.979999542236328,11.96500015258789,11.975000381469727,7998.0,CORZ,1m
2024-09-18 14:47:00+00:00,11.989999771118164,11.989999771118164,11.994999885559082,11.970999717712402,11.975000381469727,23127.0,CORZ,1m
2024-09-18 14:48:00+00:00,11.984999656677246,11.984999656677246,12.0,11.98009967803955,11.987199783325195,15768.0,CORZ,1m
2024-09-18 14:49:00+00:00,11.925000190734863,11.925000190734863,11.987199783325195,11.925000190734863,11.987199783325195,21343.0,CORZ,1m
2024-09-18 14:50:00+00:00,11.845000267028809,11.845000267028809,11.925000190734863,11.84000015258789,11.920000076293945,118940.0,CORZ,1m
2024-09-18 14:51:00+00:00,11.895000457763672,11.895000457763672,11.904999732971191,11.840200424194336,11.845000267028809,61519.0,CORZ,1m
2024-09-18 14:52:00+00:00,11.914999961853027,11.914999961853027,11.914999961853027,11.895000457763672,11.899999618530273,10342.0,CORZ,1m
2024-09-18 14:53:00+00:00,11.944999694824219,11.944999694824219,11.979999542236328,11.91469955444336,11.91469955444336,154086.0,CORZ,1m
2024-09-18 14:54:00+00:00,11.90999984741211,11.90999984741211,11.948399543762207,11.90999984741211,11.944000244140625,50379.0,CORZ,1m
2024-09-18 14:55:00+00:00,11.895000457763672,11.895000457763672,11.920000076293945,11.895000457763672,11.914999961853027,32126.0,CORZ,1m
2024-09-18 14:56:00+00:00,11.904999732971191,11.904999732971191,11.90999984741211,11.880000114440918,11.897299766540527,18425.0,CORZ,1m
2024-09-18 14:57:00+00:00,11.939900398254395,11.939900398254395,11.9399995803833,11.904999732971191,11.904999732971191,12630.0,CORZ,1m
2024-09-18 14:58:00+00:00,11.930000305175781,11.930000305175781,11.9399995803833,11.925000190734863,11.9350004196167,11419.0,CORZ,1m
2024-09-18 14:59:00+00:00,11.9350004196167,11.9350004196167,11.949000358581543,11.930000305175781,11.930000305175781,11043.0,CORZ,1m
2024-09-18 15:00:00+00:00,11.979999542236328,11.979999542236328,11.979999542236328,11.930000305175781,11.930000305175781,101479.0,CORZ,1m
2024-09-18 15:01:00+00:00,11.975000381469727,11.975000381469727,11.979999542236328,11.970000267028809,11.975000381469727,25151.0,CORZ,1m
2024-09-18 15:02:00+00:00,12.005000114440918,12.005000114440918,12.020000457763672,11.954999923706055,11.975000381469727,87112.0,CORZ,1m
2024-09-18 15:03:00+00:00,12.0,12.0,12.0,11.984999656677246,12.0,28441.0,CORZ,1m
2024-09-18 15:04:00+00:00,11.975000381469727,11.975000381469727,11.994999885559082,11.975000381469727,11.994999885559082,16350.0,CORZ,1m
2024-09-18 15:05:00+00:00,11.984999656677246,11.984999656677246,12.020000457763672,11.975000381469727,11.97599983215332,32870.0,CORZ,1m
2024-09-18 15:06:00+00:00,11.984700202941895,11.984700202941895,11.989999771118164,11.984000205993652,11.988200187683105,6636.0,CORZ,1m
2024-09-18 15:07:00+00:00,11.925000190734863,11.925000190734863,11.984999656677246,11.92240047454834,11.984999656677246,17494.0,CORZ,1m
2024-09-18 15:08:00+00:00,11.986000061035156,11.986000061035156,11.986000061035156,11.914999961853027,11.925000190734863,31963.0,CORZ,1m
2024-09-18 15:09:00+00:00,11.989999771118164,11.989999771118164,11.989999771118164,11.960000038146973,11.989999771118164,9551.0,CORZ,1m
2024-09-18 15:10:00+00:00,11.96500015258789,11.96500015258789,11.979999542236328,11.960000038146973,11.979999542236328,9357.0,CORZ,1m
2024-09-18 15:11:00+00:00,11.989999771118164,11.989999771118164,11.989999771118164,11.989999771118164,11.989999771118164,11843.0,CORZ,1m
2024-09-18 15:12:00+00:00,11.994999885559082,11.994999885559082,12.0,11.989800453186035,11.989999771118164,35099.0,CORZ,1m
2024-09-18 15:13:00+00:00,11.994999885559082,11.994999885559082,12.0,11.989999771118164,11.994999885559082,12443.0,CORZ,1m
2024-09-18 15:14:00+00:00,12.015000343322754,12.015000343322754,12.0600004196167,12.0,12.0,78780.0,CORZ,1m
2024-09-18 15:15:00+00:00,12.020000457763672,12.020000457763672,12.029999732971191,12.001999855041504,12.020000457763672,32051.0,CORZ,1m
2024-09-18 15:16:00+00:00,11.979999542236328,11.979999542236328,12.039999961853027,11.979999542236328,12.010000228881836,23181.0,CORZ,1m
2024-09-18 15:17:00+00:00,12.019000053405762,12.019000053405762,12.020000457763672,11.949999809265137,11.979700088500977,56983.0,CORZ,1m
2024-09-18 15:18:00+00:00,11.979999542236328,11.979999542236328,12.010000228881836,11.979999542236328,12.010000228881836,17362.0,CORZ,1m
2024-09-18 15:19:00+00:00,12.024999618530273,12.024999618530273,12.029999732971191,11.975000381469727,11.979999542236328,15313.0,CORZ,1m
2024-09-18 15:20:00+00:00,12.010000228881836,12.010000228881836,12.020000457763672,11.995400428771973,12.020000457763672,117505.0,CORZ,1m
2024-09-18 15:21:00+00:00,12.010000228881836,12.010000228881836,12.079999923706055,12.010000228881836,12.029999732971191,77042.0,CORZ,1m
2024-09-18 15:22:00+00:00,12.005000114440918,12.005000114440918,12.0600004196167,12.005000114440918,12.010000228881836,31033.0,CORZ,1m
2024-09-18 15:23:00+00:00,12.039999961853027,12.039999961853027,12.039999961853027,12.0,12.0,38597.0,CORZ,1m
2024-09-18 15:24:00+00:00,12.039999961853027,12.039999961853027,12.050000190734863,12.029999732971191,12.050000190734863,14133.0,CORZ,1m
2024-09-18 15:25:00+00:00,12.029999732971191,12.029999732971191,12.039999961853027,12.020000457763672,12.039999961853027,0.0,CORZ,1m
2024-09-18 15:26:00+00:00,12.005000114440918,12.005000114440918,12.045000076293945,12.005000114440918,12.029999732971191,18575.0,CORZ,1m
2024-09-18 15:27:00+00:00,12.024999618530273,12.024999618530273,12.029999732971191,12.0,12.002400398254395,14037.0,CORZ,1m
2024-09-18 15:28:00+00:00,12.029999732971191,12.029999732971191,12.03499984741211,12.024999618530273,12.029999732971191,124905.0,CORZ,1m
2024-09-18 15:29:00+00:00,12.015000343322754,12.015000343322754,12.029999732971191,12.005000114440918,12.022000312805176,13581.0,CORZ,1m
2024-09-18 15:30:00+00:00,12.015000343322754,12.015000343322754,12.015000343322754,11.989999771118164,12.010000228881836,9542.0,CORZ,1m
2024-09-18 15:31:00+00:00,12.010000228881836,12.010000228881836,12.039999961853027,12.010000228881836,12.020000457763672,34316.0,CORZ,1m
2024-09-18 15:32:00+00:00,11.97249984741211,11.97249984741211,12.020000457763672,11.962499618530273,12.0024995803833,53328.0,CORZ,1m
2024-09-18 15:33:00+00:00,11.996899604797363,11.996899604797363,12.0,11.97249984741211,11.97249984741211,12727.0,CORZ,1m
2024-09-18 15:34:00+00:00,12.024999618530273,12.024999618530273,12.045000076293945,11.994000434875488,11.994000434875488,32314.0,CORZ,1m
2024-09-18 15:35:00+00:00,12.050000190734863,12.050000190734863,12.050000190734863,12.024999618530273,12.024999618530273,25582.0,CORZ,1m
2024-09-18 15:36:00+00:00,12.085000038146973,12.085000038146973,12.100000381469727,12.055000305175781,12.0600004196167,73392.0,CORZ,1m
2024-09-18 15:37:00+00:00,12.03499984741211,12.03499984741211,12.085000038146973,12.029999732971191,12.079999923706055,73943.0,CORZ,1m
2024-09-18 15:38:00+00:00,12.030900001525879,12.030900001525879,12.079999923706055,12.029999732971191,12.03499984741211,26870.0,CORZ,1m
2024-09-18 15:39:00+00:00,12.03499984741211,12.03499984741211,12.03499984741211,12.024999618530273,12.029999732971191,10543.0,CORZ,1m
2024-09-18 15:40:00+00:00,12.03499984741211,12.03499984741211,12.039999961853027,12.029999732971191,12.029999732971191,24397.0,CORZ,1m
2024-09-18 15:41:00+00:00,12.029999732971191,12.029999732971191,12.039999961853027,12.024999618530273,12.03499984741211,5012.0,CORZ,1m
2024-09-18 15:42:00+00:00,11.961099624633789,11.961099624633789,12.024999618530273,11.942500114440918,12.024999618530273,102092.0,CORZ,1m
2024-09-18 15:43:00+00:00,11.975000381469727,11.975000381469727,11.984999656677246,11.960000038146973,11.970000267028809,11503.0,CORZ,1m
2024-09-18 15:44:00+00:00,11.984999656677246,11.984999656677246,11.989999771118164,11.96399974822998,11.979999542236328,22773.0,CORZ,1m
2024-09-18 15:45:00+00:00,12.005000114440918,12.005000114440918,12.020000457763672,11.980500221252441,11.984999656677246,38230.0,CORZ,1m
2024-09-18 15:46:00+00:00,11.975000381469727,11.975000381469727,12.005000114440918,11.972999572753906,12.005000114440918,19931.0,CORZ,1m
2024-09-18 15:47:00+00:00,11.96500015258789,11.96500015258789,11.984999656677246,11.96500015258789,11.973400115966797,10430.0,CORZ,1m
2024-09-18 15:48:00+00:00,11.979999542236328,11.979999542236328,11.984999656677246,11.970000267028809,11.970000267028809,20906.0,CORZ,1m
2024-09-18 15:49:00+00:00,11.991299629211426,11.991299629211426,12.0,11.979999542236328,11.989999771118164,35055.0,CORZ,1m
2024-09-18 15:50:00+00:00,11.984999656677246,11.984999656677246,12.005000114440918,11.979999542236328,11.994999885559082,36765.0,CORZ,1m
2024-09-18 15:51:00+00:00,11.95009994506836,11.95009994506836,11.989999771118164,11.949999809265137,11.980400085449219,65554.0,CORZ,1m
2024-09-18 15:52:00+00:00,11.975000381469727,11.975000381469727,11.975000381469727,11.949999809265137,11.949999809265137,44524.0,CORZ,1m
2024-09-18 15:53:00+00:00,11.994999885559082,11.994999885559082,11.994999885559082,11.979000091552734,11.979000091552734,7845.0,CORZ,1m
2024-09-18 15:54:00+00:00,11.994999885559082,11.994999885559082,12.0,11.992500305175781,12.0,35497.0,CORZ,1m
2024-09-18 15:55:00+00:00,11.979999542236328,11.979999542236328,12.0,11.949999809265137,11.989999771118164,93940.0,CORZ,1m
2024-09-18 15:56:00+00:00,11.979999542236328,11.979999542236328,11.979999542236328,11.970000267028809,11.979999542236328,6572.0,CORZ,1m
2024-09-18 15:57:00+00:00,11.989999771118164,11.989999771118164,11.989999771118164,11.970000267028809,11.97249984741211,11192.0,CORZ,1m
2024-09-18 15:58:00+00:00,12.0,12.0,12.0,11.98009967803955,11.989999771118164,11978.0,CORZ,1m
2024-09-18 15:59:00+00:00,11.982500076293945,11.982500076293945,11.999199867248535,11.982500076293945,11.994999885559082,27014.0,CORZ,1m
2024-09-18 16:00:00+00:00,11.979999542236328,11.979999542236328,11.984999656677246,11.960000038146973,11.979999542236328,10613.0,CORZ,1m
2024-09-18 16:01:00+00:00,11.994999885559082,11.994999885559082,12.0,11.989999771118164,11.989999771118164,23979.0,CORZ,1m
2024-09-18 16:02:00+00:00,11.999899864196777,11.999899864196777,12.0,11.994999885559082,11.999899864196777,17686.0,CORZ,1m
2024-09-18 16:03:00+00:00,11.925000190734863,11.925000190734863,12.005000114440918,11.920000076293945,11.994999885559082,122566.0,CORZ,1m
2024-09-18 16:04:00+00:00,11.885000228881836,11.885000228881836,11.9350004196167,11.88010025024414,11.920000076293945,23552.0,CORZ,1m
2024-09-18 16:05:00+00:00,11.920100212097168,11.920100212097168,11.929900169372559,11.882499694824219,11.882499694824219,17394.0,CORZ,1m
2024-09-18 16:06:00+00:00,11.930000305175781,11.930000305175781,11.930000305175781,11.880000114440918,11.925000190734863,62761.0,CORZ,1m
2024-09-18 16:07:00+00:00,11.914999961853027,11.914999961853027,11.9399995803833,11.899999618530273,11.9399995803833,49361.0,CORZ,1m
2024-09-18 16:08:00+00:00,11.914999961853027,11.914999961853027,11.917499542236328,11.901900291442871,11.914999961853027,4000.0,CORZ,1m
2024-09-18 16:09:00+00:00,11.929300308227539,11.929300308227539,11.929699897766113,11.920000076293945,11.920000076293945,3623.0,CORZ,1m
2024-09-18 16:10:00+00:00,11.9350004196167,11.9350004196167,11.9350004196167,11.9350004196167,11.9350004196167,9131.0,CORZ,1m
2024-09-18 16:11:00+00:00,11.920000076293945,11.920000076293945,11.939399719238281,11.920000076293945,11.939399719238281,4629.0,CORZ,1m
2024-09-18 16:12:00+00:00,11.930000305175781,11.930000305175781,11.930000305175781,11.899999618530273,11.920000076293945,8178.0,CORZ,1m
2024-09-18 16:13:00+00:00,11.9399995803833,11.9399995803833,11.9399995803833,11.925000190734863,11.930000305175781,8511.0,CORZ,1m
2024-09-18 16:14:00+00:00,11.944999694824219,11.944999694824219,11.949999809265137,11.930000305175781,11.9350004196167,5333.0,CORZ,1m
2024-09-18 16:15:00+00:00,11.975000381469727,11.975000381469727,11.979999542236328,11.944999694824219,11.949999809265137,12165.0,CORZ,1m
2024-09-18 16:16:00+00:00,11.984999656677246,11.984999656677246,11.998100280761719,11.970000267028809,11.979999542236328,12099.0,CORZ,1m
2024-09-18 16:17:00+00:00,11.949999809265137,11.949999809265137,11.985099792480469,11.944999694824219,11.985099792480469,29407.0,CORZ,1m
2024-09-18 16:18:00+00:00,11.938899993896484,11.938899993896484,11.949999809265137,11.9350004196167,11.949999809265137,19965.0,CORZ,1m
2024-09-18 16:19:00+00:00,11.9399995803833,11.9399995803833,11.9399995803833,11.930000305175781,11.9350004196167,11971.0,CORZ,1m
2024-09-18 16:20:00+00:00,11.9350004196167,11.9350004196167,11.9399995803833,11.9350004196167,11.937899589538574,1820.0,CORZ,1m
2024-09-18 16:21:00+00:00,11.948399543762207,11.948399543762207,11.949999809265137,11.9399995803833,11.9399995803833,4485.0,CORZ,1m
2024-09-18 16:22:00+00:00,11.9399995803833,11.9399995803833,11.949999809265137,11.9399995803833,11.944999694824219,5573.0,CORZ,1m
2024-09-18 16:23:00+00:00,11.944999694824219,11.944999694824219,11.949999809265137,11.9399995803833,11.9399995803833,2775.0,CORZ,1m
2024-09-18 16:24:00+00:00,11.944999694824219,11.944999694824219,11.949999809265137,11.9399995803833,11.9399995803833,10352.0,CORZ,1m
2024-09-18 16:25:00+00:00,11.948399543762207,11.948399543762207,11.949999809265137,11.9399995803833,11.944999694824219,2924.0,CORZ,1m
2024-09-18 16:26:00+00:00,11.942500114440918,11.942500114440918,11.949999809265137,11.942500114440918,11.949999809265137,32623.0,CORZ,1m
2024-09-18 16:27:00+00:00,12.0,12.0,12.005000114440918,11.949999809265137,11.949999809265137,77502.0,CORZ,1m
2024-09-18 16:28:00+00:00,12.039999961853027,12.039999961853027,12.045000076293945,12.0,12.0,26069.0,CORZ,1m
2024-09-18 16:29:00+00:00,12.045000076293945,12.045000076293945,12.045000076293945,12.029999732971191,12.038000106811523,8530.0,CORZ,1m
2024-09-18 16:30:00+00:00,12.03499984741211,12.03499984741211,12.050000190734863,12.029999732971191,12.045000076293945,24971.0,CORZ,1m
2024-09-18 16:31:00+00:00,12.03499984741211,12.03499984741211,12.03499984741211,12.024999618530273,12.029999732971191,5862.0,CORZ,1m
2024-09-18 16:32:00+00:00,12.039999961853027,12.039999961853027,12.039999961853027,12.03499984741211,12.03499984741211,3107.0,CORZ,1m
2024-09-18 16:33:00+00:00,12.079999923706055,12.079999923706055,12.079999923706055,12.039999961853027,12.039999961853027,36787.0,CORZ,1m
2024-09-18 16:34:00+00:00,12.050000190734863,12.050000190734863,12.100000381469727,12.050000190734863,12.085000038146973,92888.0,CORZ,1m
2024-09-18 16:35:00+00:00,12.055000305175781,12.055000305175781,12.059900283813477,12.050000190734863,12.050000190734863,16307.0,CORZ,1m
2024-09-18 16:36:00+00:00,12.085000038146973,12.085000038146973,12.097200393676758,12.055000305175781,12.0600004196167,17895.0,CORZ,1m
2024-09-18 16:37:00+00:00,12.09000015258789,12.09000015258789,12.095999717712402,12.079999923706055,12.085000038146973,14319.0,CORZ,1m
2024-09-18 16:38:00+00:00,12.095000267028809,12.095000267028809,12.100000381469727,12.095000267028809,12.100000381469727,22097.0,CORZ,1m
2024-09-18 16:39:00+00:00,12.100000381469727,12.100000381469727,12.100000381469727,12.09000015258789,12.095000267028809,8167.0,CORZ,1m
2024-09-18 16:40:00+00:00,12.03499984741211,12.03499984741211,12.100000381469727,12.03499984741211,12.09000015258789,58988.0,CORZ,1m
2024-09-18 16:41:00+00:00,12.024999618530273,12.024999618530273,12.055000305175781,12.02299976348877,12.03499984741211,12367.0,CORZ,1m
2024-09-18 16:42:00+00:00,11.989999771118164,11.989999771118164,12.029999732971191,11.989999771118164,12.029999732971191,12993.0,CORZ,1m
2024-09-18 16:43:00+00:00,12.015000343322754,12.015000343322754,12.020000457763672,11.979999542236328,11.990099906921387,27828.0,CORZ,1m
2024-09-18 16:44:00+00:00,12.015000343322754,12.015000343322754,12.029999732971191,12.015000343322754,12.020000457763672,9126.0,CORZ,1m
2024-09-18 16:45:00+00:00,12.015000343322754,12.015000343322754,12.020099639892578,12.004500389099121,12.010000228881836,68294.0,CORZ,1m
2024-09-18 16:46:00+00:00,12.005000114440918,12.005000114440918,12.015000343322754,12.0,12.015000343322754,4734.0,CORZ,1m
2024-09-18 16:47:00+00:00,12.029999732971191,12.029999732971191,12.029999732971191,12.005000114440918,12.005000114440918,6384.0,CORZ,1m
2024-09-18 16:48:00+00:00,12.024999618530273,12.024999618530273,12.039999961853027,12.024999618530273,12.034299850463867,11174.0,CORZ,1m
2024-09-18 16:49:00+00:00,12.029999732971191,12.029999732971191,12.039999961853027,12.029999732971191,12.029999732971191,5137.0,CORZ,1m
2024-09-18 16:50:00+00:00,12.02400016784668,12.02400016784668,12.029999732971191,12.020000457763672,12.024999618530273,13114.0,CORZ,1m
2024-09-18 16:51:00+00:00,12.024999618530273,12.024999618530273,12.029999732971191,12.024999618530273,12.029999732971191,5036.0,CORZ,1m
2024-09-18 16:52:00+00:00,12.055000305175781,12.055000305175781,12.055000305175781,12.029999732971191,12.03499984741211,9018.0,CORZ,1m
2024-09-18 16:53:00+00:00,12.055000305175781,12.055000305175781,12.0600004196167,12.050000190734863,12.0600004196167,10248.0,CORZ,1m
2024-09-18 16:54:00+00:00,12.03499984741211,12.03499984741211,12.055000305175781,12.03499984741211,12.055000305175781,17547.0,CORZ,1m
2024-09-18 16:55:00+00:00,12.03499984741211,12.03499984741211,12.039999961853027,12.032500267028809,12.039999961853027,5790.0,CORZ,1m
2024-09-18 16:56:00+00:00,12.045000076293945,12.045000076293945,12.050000190734863,12.039999961853027,12.039999961853027,5180.0,CORZ,1m
2024-09-18 16:57:00+00:00,12.029999732971191,12.029999732971191,12.055000305175781,12.029999732971191,12.043999671936035,13145.0,CORZ,1m
2024-09-18 16:58:00+00:00,12.039999961853027,12.039999961853027,12.039999961853027,12.029999732971191,12.03499984741211,3462.0,CORZ,1m
2024-09-18 16:59:00+00:00,12.038200378417969,12.038200378417969,12.039999961853027,12.03499984741211,12.039999961853027,11164.0,CORZ,1m
2024-09-18 17:00:00+00:00,12.03600025177002,12.03600025177002,12.039899826049805,12.029999732971191,12.03499984741211,5591.0,CORZ,1m
2024-09-18 17:01:00+00:00,12.015000343322754,12.015000343322754,12.03499984741211,12.010000228881836,12.03499984741211,7240.0,CORZ,1m
2024-09-18 17:02:00+00:00,11.989999771118164,11.989999771118164,12.01990032196045,11.989999771118164,12.015000343322754,20662.0,CORZ,1m
2024-09-18 17:03:00+00:00,12.010000228881836,12.010000228881836,12.010000228881836,11.984999656677246,11.984999656677246,19669.0,CORZ,1m
2024-09-18 17:04:00+00:00,12.024999618530273,12.024999618530273,12.029999732971191,12.020000457763672,12.020000457763672,5644.0,CORZ,1m
2024-09-18 17:05:00+00:00,12.020099639892578,12.020099639892578,12.029999732971191,12.020000457763672,12.029999732971191,3812.0,CORZ,1m
2024-09-18 17:06:00+00:00,12.020000457763672,12.020000457763672,12.029999732971191,12.020000457763672,12.024999618530273,4890.0,CORZ,1m
2024-09-18 17:07:00+00:00,12.024999618530273,12.024999618530273,12.029999732971191,12.020000457763672,12.020000457763672,14789.0,CORZ,1m
2024-09-18 17:08:00+00:00,12.029999732971191,12.029999732971191,12.03499984741211,12.02400016784668,12.029999732971191,7961.0,CORZ,1m
2024-09-18 17:09:00+00:00,12.029999732971191,12.029999732971191,12.029999732971191,12.024999618530273,12.024999618530273,8274.0,CORZ,1m
2024-09-18 17:10:00+00:00,12.000100135803223,12.000100135803223,12.024999618530273,11.989999771118164,12.024999618530273,26189.0,CORZ,1m
2024-09-18 17:11:00+00:00,12.005000114440918,12.005000114440918,12.008700370788574,11.991299629211426,12.0,4272.0,CORZ,1m
2024-09-18 17:12:00+00:00,11.97599983215332,11.97599983215332,12.005000114440918,11.975000381469727,12.005000114440918,25149.0,CORZ,1m
2024-09-18 17:13:00+00:00,11.970000267028809,11.970000267028809,11.979999542236328,11.96500015258789,11.970000267028809,8117.0,CORZ,1m
2024-09-18 17:14:00+00:00,11.920000076293945,11.920000076293945,11.975000381469727,11.920000076293945,11.975000381469727,53792.0,CORZ,1m
2024-09-18 17:15:00+00:00,11.920000076293945,11.920000076293945,11.930000305175781,11.90999984741211,11.925000190734863,25810.0,CORZ,1m
2024-09-18 17:16:00+00:00,11.920000076293945,11.920000076293945,11.92870044708252,11.914999961853027,11.92870044708252,6042.0,CORZ,1m
2024-09-18 17:17:00+00:00,11.925000190734863,11.925000190734863,11.930000305175781,11.914999961853027,11.914999961853027,10056.0,CORZ,1m
2024-09-18 17:18:00+00:00,11.939900398254395,11.939900398254395,11.939900398254395,11.925000190734863,11.930000305175781,4079.0,CORZ,1m
2024-09-18 17:19:00+00:00,11.96500015258789,11.96500015258789,11.96500015258789,11.9350004196167,11.9350004196167,12600.0,CORZ,1m
2024-09-18 17:20:00+00:00,11.968700408935547,11.968700408935547,11.970000267028809,11.960000038146973,11.96500015258789,15079.0,CORZ,1m
2024-09-18 17:21:00+00:00,11.96500015258789,11.96500015258789,11.970000267028809,11.95009994506836,11.970000267028809,11379.0,CORZ,1m
2024-09-18 17:22:00+00:00,11.960000038146973,11.960000038146973,11.96500015258789,11.960000038146973,11.96500015258789,3261.0,CORZ,1m
2024-09-18 17:23:00+00:00,11.978799819946289,11.978799819946289,11.978799819946289,11.950200080871582,11.970000267028809,19133.0,CORZ,1m
2024-09-18 17:24:00+00:00,11.994099617004395,11.994099617004395,12.010000228881836,11.970000267028809,11.979900360107422,21379.0,CORZ,1m
2024-09-18 17:25:00+00:00,12.000200271606445,12.000200271606445,12.010000228881836,11.994999885559082,12.0,6860.0,CORZ,1m
2024-09-18 17:26:00+00:00,12.019700050354004,12.019700050354004,12.020000457763672,12.010000228881836,12.010000228881836,10182.0,CORZ,1m
2024-09-18 17:27:00+00:00,12.020000457763672,12.020000457763672,12.029999732971191,12.015000343322754,12.015000343322754,2664.0,CORZ,1m
2024-09-18 17:28:00+00:00,11.990099906921387,11.990099906921387,12.020000457763672,11.989999771118164,12.020000457763672,13663.0,CORZ,1m
2024-09-18 17:29:00+00:00,12.020000457763672,12.020000457763672,12.020000457763672,11.989999771118164,11.989999771118164,24846.0,CORZ,1m
2024-09-18 17:30:00+00:00,12.020000457763672,12.020000457763672,12.029999732971191,12.020000457763672,12.020000457763672,9081.0,CORZ,1m
2024-09-18 17:31:00+00:00,12.029999732971191,12.029999732971191,12.029999732971191,12.020000457763672,12.024999618530273,4698.0,CORZ,1m
2024-09-18 17:32:00+00:00,12.02970027923584,12.02970027923584,12.029999732971191,12.024999618530273,12.029999732971191,11501.0,CORZ,1m
2024-09-18 17:33:00+00:00,12.029999732971191,12.029999732971191,12.029999732971191,12.024999618530273,12.024999618530273,4429.0,CORZ,1m
2024-09-18 17:34:00+00:00,12.0,12.0,12.029999732971191,11.989999771118164,12.029999732971191,22153.0,CORZ,1m
2024-09-18 17:35:00+00:00,11.984999656677246,11.984999656677246,12.0,11.984999656677246,11.994999885559082,6692.0,CORZ,1m
2024-09-18 17:36:00+00:00,11.977999687194824,11.977999687194824,11.979999542236328,11.970000267028809,11.979999542236328,4772.0,CORZ,1m
2024-09-18 17:37:00+00:00,11.95199966430664,11.95199966430664,11.970100402832031,11.9350004196167,11.970100402832031,13650.0,CORZ,1m
2024-09-18 17:38:00+00:00,11.954999923706055,11.954999923706055,11.954999923706055,11.944999694824219,11.949999809265137,8900.0,CORZ,1m
2024-09-18 17:39:00+00:00,11.970000267028809,11.970000267028809,11.970000267028809,11.95199966430664,11.954999923706055,6963.0,CORZ,1m
2024-09-18 17:40:00+00:00,11.989700317382812,11.989700317382812,11.989999771118164,11.975000381469727,11.975000381469727,10509.0,CORZ,1m
2024-09-18 17:41:00+00:00,11.989999771118164,11.989999771118164,11.989999771118164,11.979999542236328,11.984999656677246,3155.0,CORZ,1m
2024-09-18 17:42:00+00:00,11.999899864196777,11.999899864196777,11.999899864196777,11.994999885559082,11.994999885559082,3491.0,CORZ,1m
2024-09-18 17:43:00+00:00,12.0,12.0,12.0,11.991000175476074,11.994999885559082,34311.0,CORZ,1m
2024-09-18 17:44:00+00:00,11.999899864196777,11.999899864196777,12.0,11.992199897766113,12.0,5389.0,CORZ,1m
2024-09-18 17:45:00+00:00,12.0,12.0,12.005000114440918,11.994999885559082,12.0,21405.0,CORZ,1m
2024-09-18 17:46:00+00:00,11.984999656677246,11.984999656677246,11.989999771118164,11.974300384521484,11.989999771118164,24642.0,CORZ,1m
2024-09-18 17:47:00+00:00,11.989999771118164,11.989999771118164,11.999500274658203,11.979999542236328,11.984999656677246,11475.0,CORZ,1m
2024-09-18 17:48:00+00:00,11.989999771118164,11.989999771118164,11.989999771118164,11.979999542236328,11.984999656677246,6403.0,CORZ,1m
2024-09-18 17:49:00+00:00,12.0,12.0,12.0,11.988100051879883,11.988100051879883,8060.0,CORZ,1m
2024-09-18 17:50:00+00:00,11.999899864196777,11.999899864196777,11.999899864196777,11.994999885559082,11.994999885559082,1643.0,CORZ,1m
2024-09-18 17:51:00+00:00,12.00100040435791,12.00100040435791,12.020000457763672,12.0,12.0,18844.0,CORZ,1m
2024-09-18 17:52:00+00:00,11.994999885559082,11.994999885559082,12.0,11.989999771118164,12.0,4075.0,CORZ,1m
2024-09-18 17:53:00+00:00,12.005000114440918,12.005000114440918,12.020000457763672,11.994999885559082,11.994999885559082,19567.0,CORZ,1m
2024-09-18 17:54:00+00:00,12.0,12.0,12.0,11.989999771118164,12.0,5966.0,CORZ,1m
2024-09-18 17:55:00+00:00,11.998700141906738,11.998700141906738,12.0,11.989899635314941,11.99940013885498,10174.0,CORZ,1m
2024-09-18 17:56:00+00:00,11.984999656677246,11.984999656677246,11.999899864196777,11.979999542236328,11.999899864196777,6385.0,CORZ,1m
2024-09-18 17:57:00+00:00,12.010000228881836,12.010000228881836,12.010000228881836,11.989999771118164,11.989999771118164,14717.0,CORZ,1m
2024-09-18 17:58:00+00:00,12.0,12.0,12.010000228881836,12.0,12.005000114440918,10098.0,CORZ,1m
2024-09-18 17:59:00+00:00,12.0,12.0,12.010000228881836,12.0,12.0,6875.0,CORZ,1m
2024-09-18 18:00:00+00:00,12.239999771118164,12.239999771118164,12.25,11.90999984741211,12.0,206483.0,CORZ,1m
2024-09-18 18:01:00+00:00,12.239999771118164,12.239999771118164,12.307000160217285,12.180000305175781,12.25,146967.0,CORZ,1m
2024-09-18 18:02:00+00:00,12.220000267028809,12.220000267028809,12.260000228881836,12.15999984741211,12.244999885559082,188691.0,CORZ,1m
2024-09-18 18:03:00+00:00,12.09000015258789,12.09000015258789,12.219900131225586,12.03499984741211,12.210000038146973,124824.0,CORZ,1m
2024-09-18 18:04:00+00:00,12.039999961853027,12.039999961853027,12.090100288391113,11.998000144958496,12.09000015258789,76295.0,CORZ,1m
2024-09-18 18:05:00+00:00,12.079999923706055,12.079999923706055,12.09000015258789,12.020099639892578,12.020099639892578,43242.0,CORZ,1m
2024-09-18 18:06:00+00:00,12.0649995803833,12.0649995803833,12.109999656677246,12.0600004196167,12.074999809265137,72030.0,CORZ,1m
2024-09-18 18:07:00+00:00,12.055000305175781,12.055000305175781,12.090100288391113,12.055000305175781,12.069999694824219,70178.0,CORZ,1m
2024-09-18 18:08:00+00:00,12.0649995803833,12.0649995803833,12.079899787902832,12.050000190734863,12.0649995803833,133816.0,CORZ,1m
2024-09-18 18:09:00+00:00,11.984999656677246,11.984999656677246,12.069999694824219,11.960000038146973,12.0649995803833,140055.0,CORZ,1m
2024-09-18 18:10:00+00:00,11.975000381469727,11.975000381469727,12.010000228881836,11.96500015258789,11.984999656677246,66193.0,CORZ,1m
2024-09-18 18:11:00+00:00,11.979900360107422,11.979900360107422,12.015000343322754,11.96500015258789,11.979999542236328,38729.0,CORZ,1m
2024-09-18 18:12:00+00:00,11.968400001525879,11.968400001525879,11.989999771118164,11.944999694824219,11.979999542236328,162017.0,CORZ,1m
2024-09-18 18:13:00+00:00,11.96500015258789,11.96500015258789,12.015000343322754,11.96500015258789,11.96500015258789,39064.0,CORZ,1m
2024-09-18 18:14:00+00:00,12.018799781799316,12.018799781799316,12.020000457763672,11.944999694824219,11.969900131225586,19804.0,CORZ,1m
2024-09-18 18:15:00+00:00,12.039999961853027,12.039999961853027,12.059900283813477,12.015000343322754,12.015000343322754,17929.0,CORZ,1m
2024-09-18 18:16:00+00:00,12.074999809265137,12.074999809265137,12.079999923706055,12.03499984741211,12.045000076293945,60977.0,CORZ,1m
2024-09-18 18:17:00+00:00,12.175000190734863,12.175000190734863,12.1899995803833,12.074999809265137,12.085000038146973,69576.0,CORZ,1m
2024-09-18 18:18:00+00:00,12.1850004196167,12.1850004196167,12.220000267028809,12.170000076293945,12.180000305175781,124936.0,CORZ,1m
2024-09-18 18:19:00+00:00,12.180000305175781,12.180000305175781,12.199999809265137,12.170000076293945,12.1850004196167,75417.0,CORZ,1m
2024-09-18 18:20:00+00:00,12.220000267028809,12.220000267028809,12.239999771118164,12.180000305175781,12.180000305175781,79643.0,CORZ,1m
2024-09-18 18:21:00+00:00,12.1899995803833,12.1899995803833,12.25,12.1899995803833,12.218999862670898,101440.0,CORZ,1m
2024-09-18 18:22:00+00:00,12.244999885559082,12.244999885559082,12.270000457763672,12.187299728393555,12.199999809265137,76435.0,CORZ,1m
2024-09-18 18:23:00+00:00,12.175000190734863,12.175000190734863,12.239999771118164,12.170000076293945,12.239999771118164,57829.0,CORZ,1m
2024-09-18 18:24:00+00:00,12.220000267028809,12.220000267028809,12.25,12.170000076293945,12.170000076293945,41425.0,CORZ,1m
2024-09-18 18:25:00+00:00,12.346599578857422,12.346599578857422,12.350000381469727,12.239999771118164,12.239999771118164,206747.0,CORZ,1m
2024-09-18 18:26:00+00:00,12.390000343322754,12.390000343322754,12.40999984741211,12.324999809265137,12.350000381469727,96776.0,CORZ,1m
2024-09-18 18:27:00+00:00,12.335000038146973,12.335000038146973,12.395000457763672,12.3149995803833,12.385000228881836,71338.0,CORZ,1m
2024-09-18 18:28:00+00:00,12.390899658203125,12.390899658203125,12.390899658203125,12.3149995803833,12.335000038146973,76535.0,CORZ,1m
2024-09-18 18:29:00+00:00,12.359999656677246,12.359999656677246,12.479999542236328,12.350000381469727,12.385000228881836,218257.0,CORZ,1m
2024-09-18 18:30:00+00:00,12.359999656677246,12.359999656677246,12.380000114440918,12.350099563598633,12.354999542236328,41886.0,CORZ,1m
2024-09-18 18:31:00+00:00,12.329999923706055,12.329999923706055,12.354999542236328,12.3100004196167,12.350000381469727,57571.0,CORZ,1m
2024-09-18 18:32:00+00:00,12.380000114440918,12.380000114440918,12.430000305175781,12.335000038146973,12.335000038146973,77240.0,CORZ,1m
2024-09-18 18:33:00+00:00,12.404999732971191,12.404999732971191,12.420100212097168,12.380000114440918,12.382599830627441,49302.0,CORZ,1m
2024-09-18 18:34:00+00:00,12.444999694824219,12.444999694824219,12.479999542236328,12.404999732971191,12.404999732971191,88892.0,CORZ,1m
2024-09-18 18:35:00+00:00,12.289999961853027,12.289999961853027,12.479999542236328,12.270000457763672,12.460000038146973,137808.0,CORZ,1m
2024-09-18 18:36:00+00:00,12.220000267028809,12.220000267028809,12.34000015258789,12.21500015258789,12.300000190734863,122395.0,CORZ,1m
2024-09-18 18:37:00+00:00,12.354999542236328,12.354999542236328,12.375,12.220000267028809,12.229999542236328,58506.0,CORZ,1m
2024-09-18 18:38:00+00:00,12.319899559020996,12.319899559020996,12.354999542236328,12.300000190734863,12.354999542236328,25042.0,CORZ,1m
2024-09-18 18:39:00+00:00,12.234999656677246,12.234999656677246,12.345000267028809,12.234999656677246,12.3100004196167,38054.0,CORZ,1m
2024-09-18 18:40:00+00:00,12.239700317382812,12.239700317382812,12.27400016784668,12.21500015258789,12.234999656677246,69171.0,CORZ,1m
2024-09-18 18:41:00+00:00,12.231200218200684,12.231200218200684,12.255999565124512,12.1899995803833,12.229999542236328,166189.0,CORZ,1m
2024-09-18 18:42:00+00:00,12.090100288391113,12.090100288391113,12.229999542236328,12.079999923706055,12.229999542236328,79963.0,CORZ,1m
2024-09-18 18:43:00+00:00,12.0600004196167,12.0600004196167,12.100000381469727,12.045000076293945,12.093999862670898,53553.0,CORZ,1m
2024-09-18 18:44:00+00:00,12.015000343322754,12.015000343322754,12.119999885559082,12.010000228881836,12.069999694824219,63398.0,CORZ,1m
2024-09-18 18:45:00+00:00,12.130000114440918,12.130000114440918,12.145000457763672,12.020000457763672,12.020000457763672,96636.0,CORZ,1m
2024-09-18 18:46:00+00:00,12.1850004196167,12.1850004196167,12.194999694824219,12.119999885559082,12.125,59994.0,CORZ,1m
2024-09-18 18:47:00+00:00,12.100000381469727,12.100000381469727,12.210000038146973,12.085000038146973,12.187600135803223,35938.0,CORZ,1m
2024-09-18 18:48:00+00:00,12.180000305175781,12.180000305175781,12.1899995803833,12.114999771118164,12.119999885559082,59429.0,CORZ,1m
2024-09-18 18:49:00+00:00,12.109999656677246,12.109999656677246,12.207500457763672,12.109999656677246,12.1899995803833,80174.0,CORZ,1m
2024-09-18 18:50:00+00:00,12.100000381469727,12.100000381469727,12.140000343322754,12.09000015258789,12.104999542236328,145962.0,CORZ,1m
2024-09-18 18:51:00+00:00,12.15999984741211,12.15999984741211,12.164999961853027,12.100000381469727,12.109999656677246,31522.0,CORZ,1m
2024-09-18 18:52:00+00:00,12.175000190734863,12.175000190734863,12.20989990234375,12.15999984741211,12.15999984741211,46644.0,CORZ,1m
2024-09-18 18:53:00+00:00,12.170000076293945,12.170000076293945,12.199999809265137,12.164999961853027,12.199999809265137,28099.0,CORZ,1m
2024-09-18 18:54:00+00:00,12.150199890136719,12.150199890136719,12.1850004196167,12.150199890136719,12.184000015258789,19486.0,CORZ,1m
2024-09-18 18:55:00+00:00,12.164999961853027,12.164999961853027,12.1850004196167,12.119999885559082,12.15999984741211,34959.0,CORZ,1m
2024-09-18 18:56:00+00:00,12.180000305175781,12.180000305175781,12.180000305175781,12.140000343322754,12.164999961853027,18622.0,CORZ,1m
2024-09-18 18:57:00+00:00,12.145000457763672,12.145000457763672,12.1850004196167,12.145000457763672,12.177800178527832,14191.0,CORZ,1m
2024-09-18 18:58:00+00:00,12.09000015258789,12.09000015258789,12.147500038146973,12.079999923706055,12.147500038146973,31768.0,CORZ,1m
2024-09-18 18:59:00+00:00,12.04800033569336,12.04800033569336,12.085000038146973,12.020000457763672,12.0600004196167,35453.0,CORZ,1m
2024-09-18 19:00:00+00:00,12.039999961853027,12.039999961853027,12.0600004196167,12.010000228881836,12.039999961853027,110416.0,CORZ,1m
2024-09-18 19:01:00+00:00,11.949999809265137,11.949999809265137,12.050000190734863,11.890000343322754,12.029999732971191,239857.0,CORZ,1m
2024-09-18 19:02:00+00:00,11.979999542236328,11.979999542236328,11.979999542236328,11.904999732971191,11.954999923706055,74547.0,CORZ,1m
2024-09-18 19:03:00+00:00,11.979999542236328,11.979999542236328,11.989999771118164,11.973999977111816,11.979999542236328,28983.0,CORZ,1m
2024-09-18 19:04:00+00:00,11.960000038146973,11.960000038146973,11.989999771118164,11.960000038146973,11.984999656677246,29429.0,CORZ,1m
2024-09-18 19:05:00+00:00,11.90999984741211,11.90999984741211,11.949999809265137,11.904999732971191,11.949999809265137,46907.0,CORZ,1m
2024-09-18 19:06:00+00:00,11.8149995803833,11.8149995803833,11.90999984741211,11.8100004196167,11.904999732971191,72930.0,CORZ,1m
2024-09-18 19:07:00+00:00,11.90999984741211,11.90999984741211,11.914999961853027,11.770000457763672,11.8149995803833,75830.0,CORZ,1m
2024-09-18 19:08:00+00:00,11.9399995803833,11.9399995803833,11.954999923706055,11.917400360107422,11.917400360107422,38411.0,CORZ,1m
2024-09-18 19:09:00+00:00,11.925000190734863,11.925000190734863,11.95989990234375,11.914999961853027,11.9399995803833,38934.0,CORZ,1m
2024-09-18 19:10:00+00:00,11.970000267028809,11.970000267028809,11.975000381469727,11.90999984741211,11.925000190734863,53969.0,CORZ,1m
2024-09-18 19:11:00+00:00,11.970000267028809,11.970000267028809,12.0,11.9399995803833,11.970000267028809,124931.0,CORZ,1m
2024-09-18 19:12:00+00:00,11.989999771118164,11.989999771118164,12.005000114440918,11.96500015258789,11.96500015258789,43774.0,CORZ,1m
2024-09-18 19:13:00+00:00,11.977999687194824,11.977999687194824,12.015000343322754,11.972700119018555,12.0,58875.0,CORZ,1m
2024-09-18 19:14:00+00:00,11.994999885559082,11.994999885559082,12.0,11.979999542236328,11.984999656677246,9891.0,CORZ,1m
2024-09-18 19:15:00+00:00,11.975000381469727,11.975000381469727,12.0,11.96500015258789,11.989999771118164,34182.0,CORZ,1m
2024-09-18 19:16:00+00:00,11.989999771118164,11.989999771118164,11.989999771118164,11.970000267028809,11.970000267028809,12015.0,CORZ,1m
2024-09-18 19:17:00+00:00,11.989999771118164,11.989999771118164,11.998700141906738,11.96500015258789,11.998700141906738,16506.0,CORZ,1m
2024-09-18 19:18:00+00:00,11.9350004196167,11.9350004196167,11.979999542236328,11.9350004196167,11.979999542236328,19044.0,CORZ,1m
2024-09-18 19:19:00+00:00,11.958999633789062,11.958999633789062,11.966099739074707,11.9350004196167,11.9350004196167,23400.0,CORZ,1m
2024-09-18 19:20:00+00:00,11.864999771118164,11.864999771118164,11.954999923706055,11.859999656677246,11.954999923706055,58357.0,CORZ,1m
2024-09-18 19:21:00+00:00,11.90999984741211,11.90999984741211,11.90999984741211,11.8100004196167,11.854999542236328,115973.0,CORZ,1m
2024-09-18 19:22:00+00:00,11.869500160217285,11.869500160217285,11.930000305175781,11.864999771118164,11.920000076293945,22079.0,CORZ,1m
2024-09-18 19:23:00+00:00,11.960000038146973,11.960000038146973,11.960000038146973,11.859999656677246,11.859999656677246,18073.0,CORZ,1m
2024-09-18 19:24:00+00:00,11.960000038146973,11.960000038146973,11.989999771118164,11.9350004196167,11.989999771118164,24334.0,CORZ,1m
2024-09-18 19:25:00+00:00,12.020000457763672,12.020000457763672,12.020000457763672,11.96500015258789,11.96500015258789,36813.0,CORZ,1m
2024-09-18 19:26:00+00:00,11.984000205993652,11.984000205993652,12.010000228881836,11.960000038146973,12.010000228881836,13655.0,CORZ,1m
2024-09-18 19:27:00+00:00,12.024999618530273,12.024999618530273,12.024999618530273,11.994999885559082,12.0,26714.0,CORZ,1m
2024-09-18 19:28:00+00:00,11.984999656677246,11.984999656677246,12.050000190734863,11.984999656677246,12.024999618530273,32078.0,CORZ,1m
2024-09-18 19:29:00+00:00,11.979999542236328,11.979999542236328,11.998499870300293,11.944999694824219,11.998499870300293,32616.0,CORZ,1m
2024-09-18 19:30:00+00:00,12.039999961853027,12.039999961853027,12.039999961853027,11.975000381469727,11.979999542236328,25133.0,CORZ,1m
2024-09-18 19:31:00+00:00,11.997699737548828,11.997699737548828,12.045000076293945,11.997699737548828,12.045000076293945,34888.0,CORZ,1m
2024-09-18 19:32:00+00:00,11.994999885559082,11.994999885559082,12.005000114440918,11.961799621582031,11.990099906921387,18522.0,CORZ,1m
2024-09-18 19:33:00+00:00,11.960000038146973,11.960000038146973,12.0,11.949999809265137,12.0,25685.0,CORZ,1m
2024-09-18 19:34:00+00:00,11.949899673461914,11.949899673461914,11.975000381469727,11.930000305175781,11.96500015258789,21618.0,CORZ,1m
2024-09-18 19:35:00+00:00,11.920000076293945,11.920000076293945,11.954999923706055,11.914999961853027,11.9399995803833,26179.0,CORZ,1m
2024-09-18 19:36:00+00:00,11.90999984741211,11.90999984741211,11.9350004196167,11.90999984741211,11.914999961853027,14966.0,CORZ,1m
2024-09-18 19:37:00+00:00,11.959600448608398,11.959600448608398,11.959600448608398,11.900099754333496,11.900099754333496,31081.0,CORZ,1m
2024-09-18 19:38:00+00:00,11.989999771118164,11.989999771118164,12.0,11.960000038146973,11.960000038146973,32628.0,CORZ,1m
2024-09-18 19:39:00+00:00,11.989999771118164,11.989999771118164,12.010000228881836,11.9399995803833,12.0,360169.0,CORZ,1m
2024-09-18 19:40:00+00:00,12.010000228881836,12.010000228881836,12.029999732971191,11.994999885559082,12.0,28551.0,CORZ,1m
2024-09-18 19:41:00+00:00,12.0,12.0,12.029999732971191,12.0,12.020000457763672,27581.0,CORZ,1m
2024-09-18 19:42:00+00:00,12.029999732971191,12.029999732971191,12.029999732971191,11.984999656677246,12.0,18591.0,CORZ,1m
2024-09-18 19:43:00+00:00,12.015000343322754,12.015000343322754,12.029899597167969,11.975000381469727,12.024999618530273,31960.0,CORZ,1m
2024-09-18 19:44:00+00:00,11.970000267028809,11.970000267028809,12.010000228881836,11.970000267028809,12.010000228881836,15556.0,CORZ,1m
2024-09-18 19:45:00+00:00,11.979999542236328,11.979999542236328,11.999199867248535,11.960000038146973,11.96500015258789,25824.0,CORZ,1m
2024-09-18 19:46:00+00:00,11.970000267028809,11.970000267028809,11.984999656677246,11.9350004196167,11.984999656677246,41688.0,CORZ,1m
2024-09-18 19:47:00+00:00,11.989999771118164,11.989999771118164,12.010000228881836,11.949999809265137,11.960000038146973,35375.0,CORZ,1m
2024-09-18 19:48:00+00:00,12.010000228881836,12.010000228881836,12.024999618530273,11.989999771118164,11.994999885559082,70931.0,CORZ,1m
2024-09-18 19:49:00+00:00,12.03499984741211,12.03499984741211,12.039999961853027,12.010000228881836,12.010000228881836,47744.0,CORZ,1m
2024-09-18 19:50:00+00:00,12.0649995803833,12.0649995803833,12.09000015258789,12.031100273132324,12.039999961853027,66714.0,CORZ,1m
2024-09-18 19:51:00+00:00,12.100000381469727,12.100000381469727,12.145000457763672,12.060099601745605,12.0649995803833,62494.0,CORZ,1m
2024-09-18 19:52:00+00:00,12.055000305175781,12.055000305175781,12.100000381469727,12.03499984741211,12.100000381469727,89030.0,CORZ,1m
2024-09-18 19:53:00+00:00,12.045000076293945,12.045000076293945,12.0649995803833,12.0,12.055000305175781,82412.0,CORZ,1m
2024-09-18 19:54:00+00:00,12.079999923706055,12.079999923706055,12.095000267028809,12.055000305175781,12.055000305175781,46132.0,CORZ,1m
2024-09-18 19:55:00+00:00,12.055000305175781,12.055000305175781,12.104999542236328,12.029999732971191,12.089699745178223,91494.0,CORZ,1m
2024-09-18 19:56:00+00:00,12.005000114440918,12.005000114440918,12.055000305175781,12.0,12.055000305175781,94206.0,CORZ,1m
2024-09-18 19:57:00+00:00,11.984999656677246,11.984999656677246,12.01990032196045,11.98009967803955,12.0,63777.0,CORZ,1m
2024-09-18 19:58:00+00:00,11.994999885559082,11.994999885559082,12.010000228881836,11.984999656677246,11.984999656677246,74606.0,CORZ,1m
2024-09-18 19:59:00+00:00,12.010000228881836,12.010000228881836,12.050000190734863,11.994999885559082,11.994999885559082,158154.0,CORZ,1m
