datetime,adj close,close,high,low,open,volume,symbol,interval
2024-09-12 13:33:00+00:00,17.59000015258789,17.59000015258789,17.59000015258789,17.579999923706055,17.579999923706055,4349.0,FIHL,1m
2024-09-12 13:34:00+00:00,17.579999923706055,17.579999923706055,17.59000015258789,17.579999923706055,17.59000015258789,5052.0,FIHL,1m
2024-09-12 13:39:00+00:00,17.5049991607666,17.5049991607666,17.5049991607666,17.47010040283203,17.47010040283203,1102.0,FIHL,1m
2024-09-12 13:42:00+00:00,17.5049991607666,17.5049991607666,17.5049991607666,17.5049991607666,17.5049991607666,246.0,FIHL,1m
2024-09-12 13:46:00+00:00,17.5049991607666,17.5049991607666,17.5049991607666,17.5049991607666,17.5049991607666,407.0,FIHL,1m
2024-09-12 13:48:00+00:00,17.469999313354492,17.469999313354492,17.479999542236328,17.459999084472656,17.479999542236328,2920.0,FIHL,1m
2024-09-12 13:49:00+00:00,17.479999542236328,17.479999542236328,17.479999542236328,17.479999542236328,17.479999542236328,899.0,FIHL,1m
2024-09-12 13:52:00+00:00,17.475000381469727,17.475000381469727,17.475000381469727,17.469999313354492,17.469999313354492,281.0,FIHL,1m
2024-09-12 13:53:00+00:00,17.454999923706055,17.454999923706055,17.454999923706055,17.454999923706055,17.454999923706055,3501.0,FIHL,1m
2024-09-12 13:55:00+00:00,17.389999389648438,17.389999389648438,17.420000076293945,17.3700008392334,17.420000076293945,3389.0,FIHL,1m
2024-09-12 13:58:00+00:00,17.38249969482422,17.38249969482422,17.38249969482422,17.38249969482422,17.38249969482422,109.0,FIHL,1m
2024-09-12 14:00:00+00:00,17.385000228881836,17.385000228881836,17.385000228881836,17.385000228881836,17.385000228881836,354.0,FIHL,1m
2024-09-12 14:03:00+00:00,17.3799991607666,17.3799991607666,17.3799991607666,17.3799991607666,17.3799991607666,1733.0,FIHL,1m
2024-09-12 14:04:00+00:00,17.350000381469727,17.350000381469727,17.360000610351562,17.350000381469727,17.360000610351562,912.0,FIHL,1m
2024-09-12 14:05:00+00:00,17.34000015258789,17.34000015258789,17.350000381469727,17.34000015258789,17.34000015258789,4016.0,FIHL,1m
2024-09-12 14:06:00+00:00,17.34000015258789,17.34000015258789,17.34000015258789,17.315000534057617,17.315000534057617,434.0,FIHL,1m
2024-09-12 14:08:00+00:00,17.3799991607666,17.3799991607666,17.3799991607666,17.360000610351562,17.360000610351562,978.0,FIHL,1m
2024-09-12 14:09:00+00:00,17.389999389648438,17.389999389648438,17.389999389648438,17.389999389648438,17.389999389648438,289.0,FIHL,1m
2024-09-12 14:10:00+00:00,17.385000228881836,17.385000228881836,17.389999389648438,17.385000228881836,17.389999389648438,213.0,FIHL,1m
2024-09-12 14:11:00+00:00,17.399999618530273,17.399999618530273,17.399999618530273,17.399999618530273,17.399999618530273,144.0,FIHL,1m
2024-09-12 14:14:00+00:00,17.420000076293945,17.420000076293945,17.420000076293945,17.420000076293945,17.420000076293945,521.0,FIHL,1m
2024-09-12 14:18:00+00:00,17.40999984741211,17.40999984741211,17.40999984741211,17.40999984741211,17.40999984741211,153.0,FIHL,1m
2024-09-12 14:19:00+00:00,17.405000686645508,17.405000686645508,17.43000030517578,17.405000686645508,17.420000076293945,504.0,FIHL,1m
2024-09-12 14:22:00+00:00,17.399999618530273,17.399999618530273,17.399999618530273,17.399999618530273,17.399999618530273,191.0,FIHL,1m
2024-09-12 14:25:00+00:00,17.420000076293945,17.420000076293945,17.420000076293945,17.40999984741211,17.40999984741211,915.0,FIHL,1m
2024-09-12 14:27:00+00:00,17.420000076293945,17.420000076293945,17.420000076293945,17.415000915527344,17.415000915527344,1221.0,FIHL,1m
2024-09-12 14:31:00+00:00,17.420000076293945,17.420000076293945,17.420000076293945,17.420000076293945,17.420000076293945,452.0,FIHL,1m
2024-09-12 14:33:00+00:00,17.43000030517578,17.43000030517578,17.43000030517578,17.43000030517578,17.43000030517578,102.0,FIHL,1m
2024-09-12 14:34:00+00:00,17.440000534057617,17.440000534057617,17.440000534057617,17.43000030517578,17.43000030517578,787.0,FIHL,1m
2024-09-12 14:35:00+00:00,17.420000076293945,17.420000076293945,17.420000076293945,17.415000915527344,17.420000076293945,698.0,FIHL,1m
2024-09-12 14:36:00+00:00,17.424999237060547,17.424999237060547,17.43000030517578,17.424999237060547,17.43000030517578,213.0,FIHL,1m
2024-09-12 14:37:00+00:00,17.440000534057617,17.440000534057617,17.440000534057617,17.440000534057617,17.440000534057617,255.0,FIHL,1m
2024-09-12 14:38:00+00:00,17.454999923706055,17.454999923706055,17.454999923706055,17.44499969482422,17.450000762939453,1464.0,FIHL,1m
2024-09-12 14:41:00+00:00,17.459999084472656,17.459999084472656,17.459999084472656,17.459999084472656,17.459999084472656,489.0,FIHL,1m
2024-09-12 14:42:00+00:00,17.459999084472656,17.459999084472656,17.459999084472656,17.459999084472656,17.459999084472656,102.0,FIHL,1m
2024-09-12 14:43:00+00:00,17.454999923706055,17.454999923706055,17.454999923706055,17.454999923706055,17.454999923706055,256.0,FIHL,1m
2024-09-12 14:45:00+00:00,17.489999771118164,17.489999771118164,17.489999771118164,17.479999542236328,17.479999542236328,727.0,FIHL,1m
2024-09-12 14:46:00+00:00,17.489999771118164,17.489999771118164,17.489999771118164,17.489999771118164,17.489999771118164,293.0,FIHL,1m
2024-09-12 14:50:00+00:00,17.469999313354492,17.469999313354492,17.485000610351562,17.469999313354492,17.485000610351562,234.0,FIHL,1m
2024-09-12 14:51:00+00:00,17.469999313354492,17.469999313354492,17.469999313354492,17.469999313354492,17.469999313354492,1084.0,FIHL,1m
2024-09-12 14:54:00+00:00,17.440000534057617,17.440000534057617,17.440000534057617,17.440000534057617,17.440000534057617,1584.0,FIHL,1m
2024-09-12 14:56:00+00:00,17.450000762939453,17.450000762939453,17.450000762939453,17.450000762939453,17.450000762939453,960.0,FIHL,1m
2024-09-12 14:57:00+00:00,17.459999084472656,17.459999084472656,17.469999313354492,17.459999084472656,17.459999084472656,1408.0,FIHL,1m
2024-09-12 14:58:00+00:00,17.434999465942383,17.434999465942383,17.440000534057617,17.434999465942383,17.440000534057617,340.0,FIHL,1m
2024-09-12 14:59:00+00:00,17.40999984741211,17.40999984741211,17.420000076293945,17.40999984741211,17.420000076293945,383.0,FIHL,1m
2024-09-12 15:01:00+00:00,17.40719985961914,17.40719985961914,17.40999984741211,17.40719985961914,17.40999984741211,412.0,FIHL,1m
2024-09-12 15:02:00+00:00,17.420000076293945,17.420000076293945,17.420000076293945,17.405000686645508,17.405000686645508,1480.0,FIHL,1m
2024-09-12 15:03:00+00:00,17.415000915527344,17.415000915527344,17.415000915527344,17.415000915527344,17.415000915527344,298.0,FIHL,1m
2024-09-12 15:06:00+00:00,17.399999618530273,17.399999618530273,17.399999618530273,17.399999618530273,17.399999618530273,528.0,FIHL,1m
2024-09-12 15:13:00+00:00,17.40999984741211,17.40999984741211,17.420000076293945,17.399999618530273,17.399999618530273,1515.0,FIHL,1m
2024-09-12 15:14:00+00:00,17.40999984741211,17.40999984741211,17.420000076293945,17.40999984741211,17.420000076293945,232.0,FIHL,1m
2024-09-12 15:15:00+00:00,17.415000915527344,17.415000915527344,17.415000915527344,17.415000915527344,17.415000915527344,325.0,FIHL,1m
2024-09-12 15:16:00+00:00,17.40999984741211,17.40999984741211,17.420000076293945,17.40999984741211,17.40999984741211,520.0,FIHL,1m
2024-09-12 15:18:00+00:00,17.424999237060547,17.424999237060547,17.424999237060547,17.424999237060547,17.424999237060547,192.0,FIHL,1m
2024-09-12 15:19:00+00:00,17.440000534057617,17.440000534057617,17.440000534057617,17.43000030517578,17.43000030517578,1755.0,FIHL,1m
2024-09-12 15:20:00+00:00,17.440000534057617,17.440000534057617,17.440000534057617,17.440000534057617,17.440000534057617,158.0,FIHL,1m
2024-09-12 15:22:00+00:00,17.440000534057617,17.440000534057617,17.440000534057617,17.440000534057617,17.440000534057617,213.0,FIHL,1m
2024-09-12 15:23:00+00:00,17.450000762939453,17.450000762939453,17.450000762939453,17.450000762939453,17.450000762939453,812.0,FIHL,1m
2024-09-12 15:25:00+00:00,17.454999923706055,17.454999923706055,17.454999923706055,17.454999923706055,17.454999923706055,125.0,FIHL,1m
2024-09-12 15:28:00+00:00,17.459999084472656,17.459999084472656,17.459999084472656,17.459999084472656,17.459999084472656,408.0,FIHL,1m
2024-09-12 15:31:00+00:00,17.459999084472656,17.459999084472656,17.459999084472656,17.459999084472656,17.459999084472656,128.0,FIHL,1m
2024-09-12 15:32:00+00:00,17.459999084472656,17.459999084472656,17.459999084472656,17.459999084472656,17.459999084472656,209.0,FIHL,1m
2024-09-12 15:38:00+00:00,17.44499969482422,17.44499969482422,17.44499969482422,17.44499969482422,17.44499969482422,118.0,FIHL,1m
2024-09-12 15:39:00+00:00,17.450000762939453,17.450000762939453,17.450000762939453,17.450000762939453,17.450000762939453,277.0,FIHL,1m
2024-09-12 15:40:00+00:00,17.450000762939453,17.450000762939453,17.450000762939453,17.450000762939453,17.450000762939453,106.0,FIHL,1m
2024-09-12 15:41:00+00:00,17.459999084472656,17.459999084472656,17.459999084472656,17.459999084472656,17.459999084472656,835.0,FIHL,1m
2024-09-12 15:42:00+00:00,17.459999084472656,17.459999084472656,17.459999084472656,17.459999084472656,17.459999084472656,299.0,FIHL,1m
2024-09-12 15:44:00+00:00,17.40999984741211,17.40999984741211,17.440000534057617,17.40999984741211,17.440000534057617,3522.0,FIHL,1m
2024-09-12 15:50:00+00:00,17.389999389648438,17.389999389648438,17.389999389648438,17.389999389648438,17.389999389648438,245.0,FIHL,1m
2024-09-12 15:54:00+00:00,17.3799991607666,17.3799991607666,17.389999389648438,17.3799991607666,17.389999389648438,571.0,FIHL,1m
2024-09-12 15:56:00+00:00,17.3799991607666,17.3799991607666,17.3799991607666,17.3799991607666,17.3799991607666,588.0,FIHL,1m
2024-09-12 15:58:00+00:00,17.3799991607666,17.3799991607666,17.3799991607666,17.3799991607666,17.3799991607666,627.0,FIHL,1m
2024-09-12 15:59:00+00:00,17.3799991607666,17.3799991607666,17.3799991607666,17.3799991607666,17.3799991607666,300.0,FIHL,1m
2024-09-12 16:00:00+00:00,17.3700008392334,17.3700008392334,17.3700008392334,17.3700008392334,17.3700008392334,333.0,FIHL,1m
2024-09-12 16:01:00+00:00,17.3799991607666,17.3799991607666,17.389999389648438,17.3799991607666,17.3799991607666,1131.0,FIHL,1m
2024-09-12 16:07:00+00:00,17.3799991607666,17.3799991607666,17.3799991607666,17.3799991607666,17.3799991607666,168.0,FIHL,1m
2024-09-12 16:09:00+00:00,17.3799991607666,17.3799991607666,17.3799991607666,17.3799991607666,17.3799991607666,215.0,FIHL,1m
2024-09-12 16:13:00+00:00,17.399999618530273,17.399999618530273,17.399999618530273,17.3700008392334,17.3700008392334,3001.0,FIHL,1m
2024-09-12 16:14:00+00:00,17.40999984741211,17.40999984741211,17.40999984741211,17.40999984741211,17.40999984741211,388.0,FIHL,1m
2024-09-12 16:19:00+00:00,17.43000030517578,17.43000030517578,17.43000030517578,17.43000030517578,17.43000030517578,458.0,FIHL,1m
2024-09-12 16:21:00+00:00,17.440000534057617,17.440000534057617,17.440000534057617,17.43000030517578,17.440000534057617,574.0,FIHL,1m
2024-09-12 16:24:00+00:00,17.40999984741211,17.40999984741211,17.40999984741211,17.40999984741211,17.40999984741211,414.0,FIHL,1m
2024-09-12 16:27:00+00:00,17.405000686645508,17.405000686645508,17.405000686645508,17.405000686645508,17.405000686645508,122.0,FIHL,1m
2024-09-12 16:28:00+00:00,17.389999389648438,17.389999389648438,17.389999389648438,17.389999389648438,17.389999389648438,100.0,FIHL,1m
2024-09-12 16:29:00+00:00,17.389999389648438,17.389999389648438,17.389999389648438,17.389999389648438,17.389999389648438,408.0,FIHL,1m
2024-09-12 16:31:00+00:00,17.399999618530273,17.399999618530273,17.399999618530273,17.397499084472656,17.399999618530273,808.0,FIHL,1m
2024-09-12 16:33:00+00:00,17.399999618530273,17.399999618530273,17.399999618530273,17.399999618530273,17.399999618530273,244.0,FIHL,1m
2024-09-12 16:38:00+00:00,17.399999618530273,17.399999618530273,17.399999618530273,17.399999618530273,17.399999618530273,184.0,FIHL,1m
2024-09-12 16:39:00+00:00,17.389999389648438,17.389999389648438,17.389999389648438,17.389999389648438,17.389999389648438,107.0,FIHL,1m
2024-09-12 16:40:00+00:00,17.389999389648438,17.389999389648438,17.389999389648438,17.389999389648438,17.389999389648438,170.0,FIHL,1m
2024-09-12 16:42:00+00:00,17.399999618530273,17.399999618530273,17.399999618530273,17.399999618530273,17.399999618530273,471.0,FIHL,1m
2024-09-12 16:43:00+00:00,17.40999984741211,17.40999984741211,17.40999984741211,17.40999984741211,17.40999984741211,399.0,FIHL,1m
2024-09-12 16:48:00+00:00,17.40999984741211,17.40999984741211,17.40999984741211,17.40999984741211,17.40999984741211,100.0,FIHL,1m
2024-09-12 16:49:00+00:00,17.415000915527344,17.415000915527344,17.415000915527344,17.405000686645508,17.405000686645508,606.0,FIHL,1m
2024-09-12 16:50:00+00:00,17.420000076293945,17.420000076293945,17.420000076293945,17.420000076293945,17.420000076293945,385.0,FIHL,1m
2024-09-12 16:51:00+00:00,17.43000030517578,17.43000030517578,17.43000030517578,17.424999237060547,17.43000030517578,732.0,FIHL,1m
2024-09-12 16:52:00+00:00,17.43000030517578,17.43000030517578,17.43000030517578,17.43000030517578,17.43000030517578,1938.0,FIHL,1m
2024-09-12 16:54:00+00:00,17.43000030517578,17.43000030517578,17.43000030517578,17.43000030517578,17.43000030517578,126.0,FIHL,1m
2024-09-12 16:56:00+00:00,17.43000030517578,17.43000030517578,17.43000030517578,17.43000030517578,17.43000030517578,108.0,FIHL,1m
2024-09-12 16:57:00+00:00,17.43000030517578,17.43000030517578,17.43000030517578,17.43000030517578,17.43000030517578,548.0,FIHL,1m
2024-09-12 16:58:00+00:00,17.43000030517578,17.43000030517578,17.440000534057617,17.43000030517578,17.43000030517578,529.0,FIHL,1m
2024-09-12 16:59:00+00:00,17.43000030517578,17.43000030517578,17.43000030517578,17.43000030517578,17.43000030517578,105.0,FIHL,1m
2024-09-12 17:00:00+00:00,17.434999465942383,17.434999465942383,17.440000534057617,17.43000030517578,17.433799743652344,1098.0,FIHL,1m
2024-09-12 17:01:00+00:00,17.420000076293945,17.420000076293945,17.420000076293945,17.420000076293945,17.420000076293945,556.0,FIHL,1m
2024-09-12 17:02:00+00:00,17.40999984741211,17.40999984741211,17.40999984741211,17.40999984741211,17.40999984741211,266.0,FIHL,1m
2024-09-12 17:04:00+00:00,17.40999984741211,17.40999984741211,17.40999984741211,17.40999984741211,17.40999984741211,117.0,FIHL,1m
2024-09-12 17:07:00+00:00,17.399999618530273,17.399999618530273,17.399999618530273,17.399999618530273,17.399999618530273,549.0,FIHL,1m
2024-09-12 17:11:00+00:00,17.399999618530273,17.399999618530273,17.399999618530273,17.399999618530273,17.399999618530273,134.0,FIHL,1m
2024-09-12 17:13:00+00:00,17.389999389648438,17.389999389648438,17.408000946044922,17.389999389648438,17.408000946044922,2012.0,FIHL,1m
2024-09-12 17:14:00+00:00,17.385000228881836,17.385000228881836,17.389999389648438,17.385000228881836,17.389999389648438,1185.0,FIHL,1m
2024-09-12 17:17:00+00:00,17.389999389648438,17.389999389648438,17.389999389648438,17.389999389648438,17.389999389648438,305.0,FIHL,1m
2024-09-12 17:18:00+00:00,17.3799991607666,17.3799991607666,17.3799991607666,17.3799991607666,17.3799991607666,235.0,FIHL,1m
2024-09-12 17:22:00+00:00,17.3799991607666,17.3799991607666,17.3799991607666,17.3799991607666,17.3799991607666,275.0,FIHL,1m
2024-09-12 17:24:00+00:00,17.389999389648438,17.389999389648438,17.399999618530273,17.389999389648438,17.399999618530273,817.0,FIHL,1m
2024-09-12 17:25:00+00:00,17.389999389648438,17.389999389648438,17.389999389648438,17.389999389648438,17.389999389648438,164.0,FIHL,1m
2024-09-12 17:26:00+00:00,17.395000457763672,17.395000457763672,17.395000457763672,17.395000457763672,17.395000457763672,114.0,FIHL,1m
2024-09-12 17:27:00+00:00,17.389999389648438,17.389999389648438,17.389999389648438,17.389999389648438,17.389999389648438,449.0,FIHL,1m
2024-09-12 17:29:00+00:00,17.389999389648438,17.389999389648438,17.389999389648438,17.389999389648438,17.389999389648438,739.0,FIHL,1m
2024-09-12 17:30:00+00:00,17.395000457763672,17.395000457763672,17.395000457763672,17.389999389648438,17.389999389648438,1255.0,FIHL,1m
2024-09-12 17:32:00+00:00,17.389999389648438,17.389999389648438,17.394100189208984,17.389999389648438,17.394100189208984,440.0,FIHL,1m
2024-09-12 17:33:00+00:00,17.3799991607666,17.3799991607666,17.389999389648438,17.3799991607666,17.389999389648438,992.0,FIHL,1m
2024-09-12 17:34:00+00:00,17.3799991607666,17.3799991607666,17.3799991607666,17.3799991607666,17.3799991607666,172.0,FIHL,1m
2024-09-12 17:36:00+00:00,17.389999389648438,17.389999389648438,17.389999389648438,17.3700008392334,17.3700008392334,706.0,FIHL,1m
2024-09-12 17:39:00+00:00,17.399999618530273,17.399999618530273,17.399999618530273,17.389999389648438,17.395000457763672,1380.0,FIHL,1m
2024-09-12 17:40:00+00:00,17.40999984741211,17.40999984741211,17.40999984741211,17.399999618530273,17.399999618530273,242.0,FIHL,1m
2024-09-12 17:42:00+00:00,17.40999984741211,17.40999984741211,17.40999984741211,17.40999984741211,17.40999984741211,243.0,FIHL,1m
2024-09-12 17:45:00+00:00,17.40999984741211,17.40999984741211,17.40999984741211,17.40999984741211,17.40999984741211,232.0,FIHL,1m
2024-09-12 17:47:00+00:00,17.40999984741211,17.40999984741211,17.40999984741211,17.40999984741211,17.40999984741211,256.0,FIHL,1m
2024-09-12 17:48:00+00:00,17.399999618530273,17.399999618530273,17.399999618530273,17.399999618530273,17.399999618530273,700.0,FIHL,1m
2024-09-12 17:50:00+00:00,17.420000076293945,17.420000076293945,17.420000076293945,17.40999984741211,17.40999984741211,997.0,FIHL,1m
2024-09-12 17:51:00+00:00,17.424999237060547,17.424999237060547,17.424999237060547,17.424999237060547,17.424999237060547,224.0,FIHL,1m
2024-09-12 17:53:00+00:00,17.43000030517578,17.43000030517578,17.43000030517578,17.43000030517578,17.43000030517578,350.0,FIHL,1m
2024-09-12 17:56:00+00:00,17.450000762939453,17.450000762939453,17.450000762939453,17.450000762939453,17.450000762939453,136.0,FIHL,1m
2024-09-12 17:57:00+00:00,17.440000534057617,17.440000534057617,17.440000534057617,17.440000534057617,17.440000534057617,107.0,FIHL,1m
2024-09-12 17:58:00+00:00,17.44499969482422,17.44499969482422,17.44499969482422,17.44499969482422,17.44499969482422,136.0,FIHL,1m
2024-09-12 18:00:00+00:00,17.44499969482422,17.44499969482422,17.44499969482422,17.44499969482422,17.44499969482422,592.0,FIHL,1m
2024-09-12 18:01:00+00:00,17.440000534057617,17.440000534057617,17.440000534057617,17.440000534057617,17.440000534057617,281.0,FIHL,1m
2024-09-12 18:07:00+00:00,17.420000076293945,17.420000076293945,17.424999237060547,17.420000076293945,17.424999237060547,347.0,FIHL,1m
2024-09-12 18:08:00+00:00,17.420000076293945,17.420000076293945,17.420000076293945,17.420000076293945,17.420000076293945,595.0,FIHL,1m
2024-09-12 18:09:00+00:00,17.399999618530273,17.399999618530273,17.40999984741211,17.399999618530273,17.40999984741211,474.0,FIHL,1m
2024-09-12 18:10:00+00:00,17.399999618530273,17.399999618530273,17.399999618530273,17.397499084472656,17.399999618530273,1106.0,FIHL,1m
2024-09-12 18:11:00+00:00,17.389999389648438,17.389999389648438,17.399999618530273,17.389999389648438,17.399999618530273,1942.0,FIHL,1m
2024-09-12 18:16:00+00:00,17.389999389648438,17.389999389648438,17.389999389648438,17.389999389648438,17.389999389648438,439.0,FIHL,1m
2024-09-12 18:18:00+00:00,17.3799991607666,17.3799991607666,17.385000228881836,17.3799991607666,17.3799991607666,6138.0,FIHL,1m
2024-09-12 18:21:00+00:00,17.3700008392334,17.3700008392334,17.3700008392334,17.3700008392334,17.3700008392334,110.0,FIHL,1m
2024-09-12 18:22:00+00:00,17.3799991607666,17.3799991607666,17.3799991607666,17.3799991607666,17.3799991607666,129.0,FIHL,1m
2024-09-12 18:23:00+00:00,17.3700008392334,17.3700008392334,17.3700008392334,17.3700008392334,17.3700008392334,471.0,FIHL,1m
2024-09-12 18:24:00+00:00,17.3799991607666,17.3799991607666,17.389999389648438,17.3799991607666,17.389999389648438,534.0,FIHL,1m
2024-09-12 18:28:00+00:00,17.389999389648438,17.389999389648438,17.389999389648438,17.3799991607666,17.3799991607666,2911.0,FIHL,1m
2024-09-12 18:29:00+00:00,17.3799991607666,17.3799991607666,17.3799991607666,17.3799991607666,17.3799991607666,424.0,FIHL,1m
2024-09-12 18:30:00+00:00,17.3799991607666,17.3799991607666,17.3799991607666,17.3799991607666,17.3799991607666,449.0,FIHL,1m
2024-09-12 18:31:00+00:00,17.3700008392334,17.3700008392334,17.3700008392334,17.3700008392334,17.3700008392334,123.0,FIHL,1m
2024-09-12 18:32:00+00:00,17.375,17.375,17.375,17.375,17.375,357.0,FIHL,1m
2024-09-12 18:33:00+00:00,17.3700008392334,17.3700008392334,17.3700008392334,17.3700008392334,17.3700008392334,360.0,FIHL,1m
2024-09-12 18:34:00+00:00,17.375,17.375,17.375,17.375,17.375,203.0,FIHL,1m
2024-09-12 18:35:00+00:00,17.375,17.375,17.375,17.375,17.375,510.0,FIHL,1m
2024-09-12 18:37:00+00:00,17.3700008392334,17.3700008392334,17.3700008392334,17.3700008392334,17.3700008392334,304.0,FIHL,1m
2024-09-12 18:40:00+00:00,17.3700008392334,17.3700008392334,17.3700008392334,17.3700008392334,17.3700008392334,531.0,FIHL,1m
2024-09-12 18:42:00+00:00,17.3700008392334,17.3700008392334,17.3700008392334,17.3700008392334,17.3700008392334,279.0,FIHL,1m
2024-09-12 18:43:00+00:00,17.360000610351562,17.360000610351562,17.360000610351562,17.360000610351562,17.360000610351562,294.0,FIHL,1m
2024-09-12 18:45:00+00:00,17.3700008392334,17.3700008392334,17.3700008392334,17.3700008392334,17.3700008392334,823.0,FIHL,1m
2024-09-12 18:46:00+00:00,17.3799991607666,17.3799991607666,17.3799991607666,17.3799991607666,17.3799991607666,472.0,FIHL,1m
2024-09-12 18:47:00+00:00,17.350000381469727,17.350000381469727,17.3700008392334,17.350000381469727,17.3700008392334,558.0,FIHL,1m
2024-09-12 18:48:00+00:00,17.360000610351562,17.360000610351562,17.3700008392334,17.360000610351562,17.3700008392334,647.0,FIHL,1m
2024-09-12 18:49:00+00:00,17.354999542236328,17.354999542236328,17.354999542236328,17.354999542236328,17.354999542236328,310.0,FIHL,1m
2024-09-12 18:50:00+00:00,17.357500076293945,17.357500076293945,17.357500076293945,17.350000381469727,17.350000381469727,507.0,FIHL,1m
2024-09-12 18:51:00+00:00,17.31999969482422,17.31999969482422,17.360000610351562,17.31999969482422,17.360000610351562,1437.0,FIHL,1m
2024-09-12 18:52:00+00:00,17.3174991607666,17.3174991607666,17.31999969482422,17.299999237060547,17.299999237060547,1699.0,FIHL,1m
2024-09-12 18:53:00+00:00,17.31999969482422,17.31999969482422,17.31999969482422,17.31999969482422,17.31999969482422,147.0,FIHL,1m
2024-09-12 18:54:00+00:00,17.34000015258789,17.34000015258789,17.34000015258789,17.329999923706055,17.329999923706055,391.0,FIHL,1m
2024-09-12 18:55:00+00:00,17.34000015258789,17.34000015258789,17.34000015258789,17.329999923706055,17.329999923706055,346.0,FIHL,1m
2024-09-12 18:56:00+00:00,17.336599349975586,17.336599349975586,17.336599349975586,17.336599349975586,17.336599349975586,779.0,FIHL,1m
2024-09-12 18:57:00+00:00,17.350000381469727,17.350000381469727,17.350000381469727,17.34000015258789,17.34000015258789,961.0,FIHL,1m
2024-09-12 18:58:00+00:00,17.329999923706055,17.329999923706055,17.34000015258789,17.329999923706055,17.34000015258789,217.0,FIHL,1m
2024-09-12 19:00:00+00:00,17.334999084472656,17.334999084472656,17.334999084472656,17.329999923706055,17.329999923706055,570.0,FIHL,1m
2024-09-12 19:01:00+00:00,17.329999923706055,17.329999923706055,17.34000015258789,17.329999923706055,17.329999923706055,582.0,FIHL,1m
2024-09-12 19:02:00+00:00,17.329999923706055,17.329999923706055,17.329999923706055,17.329999923706055,17.329999923706055,372.0,FIHL,1m
2024-09-12 19:03:00+00:00,17.299999237060547,17.299999237060547,17.329999923706055,17.299999237060547,17.329999923706055,2925.0,FIHL,1m
2024-09-12 19:04:00+00:00,17.290000915527344,17.290000915527344,17.290000915527344,17.280000686645508,17.280000686645508,942.0,FIHL,1m
2024-09-12 19:05:00+00:00,17.309999465942383,17.309999465942383,17.309999465942383,17.299999237060547,17.299999237060547,745.0,FIHL,1m
2024-09-12 19:06:00+00:00,17.329999923706055,17.329999923706055,17.329999923706055,17.31999969482422,17.321199417114258,2496.0,FIHL,1m
2024-09-12 19:07:00+00:00,17.334999084472656,17.334999084472656,17.334999084472656,17.334999084472656,17.334999084472656,812.0,FIHL,1m
2024-09-12 19:08:00+00:00,17.334999084472656,17.334999084472656,17.334999084472656,17.334999084472656,17.334999084472656,197.0,FIHL,1m
2024-09-12 19:09:00+00:00,17.34000015258789,17.34000015258789,17.34000015258789,17.34000015258789,17.34000015258789,540.0,FIHL,1m
2024-09-12 19:11:00+00:00,17.34000015258789,17.34000015258789,17.34000015258789,17.34000015258789,17.34000015258789,172.0,FIHL,1m
2024-09-12 19:12:00+00:00,17.34000015258789,17.34000015258789,17.34000015258789,17.34000015258789,17.34000015258789,280.0,FIHL,1m
2024-09-12 19:14:00+00:00,17.329999923706055,17.329999923706055,17.344999313354492,17.329999923706055,17.34000015258789,1014.0,FIHL,1m
2024-09-12 19:15:00+00:00,17.34000015258789,17.34000015258789,17.34000015258789,17.34000015258789,17.34000015258789,386.0,FIHL,1m
2024-09-12 19:16:00+00:00,17.350000381469727,17.350000381469727,17.350000381469727,17.34000015258789,17.34000015258789,1183.0,FIHL,1m
2024-09-12 19:19:00+00:00,17.329999923706055,17.329999923706055,17.34000015258789,17.329999923706055,17.329999923706055,890.0,FIHL,1m
2024-09-12 19:21:00+00:00,17.334999084472656,17.334999084472656,17.334999084472656,17.334999084472656,17.334999084472656,278.0,FIHL,1m
2024-09-12 19:22:00+00:00,17.350000381469727,17.350000381469727,17.350000381469727,17.334999084472656,17.334999084472656,2003.0,FIHL,1m
2024-09-12 19:24:00+00:00,17.360000610351562,17.360000610351562,17.360000610351562,17.360000610351562,17.360000610351562,628.0,FIHL,1m
2024-09-12 19:25:00+00:00,17.3700008392334,17.3700008392334,17.3700008392334,17.3700008392334,17.3700008392334,423.0,FIHL,1m
2024-09-12 19:26:00+00:00,17.3700008392334,17.3700008392334,17.3700008392334,17.3700008392334,17.3700008392334,335.0,FIHL,1m
2024-09-12 19:27:00+00:00,17.360000610351562,17.360000610351562,17.364999771118164,17.360000610351562,17.360000610351562,1158.0,FIHL,1m
2024-09-12 19:29:00+00:00,17.3799991607666,17.3799991607666,17.3799991607666,17.364999771118164,17.364999771118164,1211.0,FIHL,1m
2024-09-12 19:30:00+00:00,17.3700008392334,17.3700008392334,17.3700008392334,17.3700008392334,17.3700008392334,973.0,FIHL,1m
2024-09-12 19:32:00+00:00,17.361000061035156,17.361000061035156,17.361000061035156,17.361000061035156,17.361000061035156,331.0,FIHL,1m
2024-09-12 19:33:00+00:00,17.3700008392334,17.3700008392334,17.3700008392334,17.3700008392334,17.3700008392334,539.0,FIHL,1m
2024-09-12 19:34:00+00:00,17.350000381469727,17.350000381469727,17.38089942932129,17.350000381469727,17.3799991607666,3908.0,FIHL,1m
2024-09-12 19:35:00+00:00,17.3700008392334,17.3700008392334,17.3799991607666,17.3700008392334,17.3799991607666,1763.0,FIHL,1m
2024-09-12 19:36:00+00:00,17.3799991607666,17.3799991607666,17.385000228881836,17.3799991607666,17.3799991607666,1184.0,FIHL,1m
2024-09-12 19:39:00+00:00,17.3700008392334,17.3700008392334,17.3799991607666,17.3700008392334,17.3799991607666,1083.0,FIHL,1m
2024-09-12 19:41:00+00:00,17.329999923706055,17.329999923706055,17.360000610351562,17.329999923706055,17.360000610351562,3994.0,FIHL,1m
2024-09-12 19:42:00+00:00,17.350000381469727,17.350000381469727,17.350000381469727,17.344999313354492,17.344999313354492,440.0,FIHL,1m
2024-09-12 19:43:00+00:00,17.360000610351562,17.360000610351562,17.360000610351562,17.34000015258789,17.344999313354492,1643.0,FIHL,1m
2024-09-12 19:44:00+00:00,17.360000610351562,17.360000610351562,17.360000610351562,17.360000610351562,17.360000610351562,654.0,FIHL,1m
2024-09-12 19:45:00+00:00,17.354999542236328,17.354999542236328,17.3799991607666,17.354999542236328,17.356700897216797,2866.0,FIHL,1m
2024-09-12 19:46:00+00:00,17.360000610351562,17.360000610351562,17.3799991607666,17.354999542236328,17.354999542236328,1168.0,FIHL,1m
2024-09-12 19:47:00+00:00,17.3799991607666,17.3799991607666,17.3799991607666,17.375,17.375,1391.0,FIHL,1m
2024-09-12 19:48:00+00:00,17.3700008392334,17.3700008392334,17.395000457763672,17.3700008392334,17.395000457763672,1860.0,FIHL,1m
2024-09-12 19:49:00+00:00,17.364999771118164,17.364999771118164,17.364999771118164,17.364999771118164,17.364999771118164,370.0,FIHL,1m
2024-09-12 19:50:00+00:00,17.364999771118164,17.364999771118164,17.3700008392334,17.354999542236328,17.360000610351562,2824.0,FIHL,1m
2024-09-12 19:51:00+00:00,17.3799991607666,17.3799991607666,17.3799991607666,17.364999771118164,17.3700008392334,2580.0,FIHL,1m
2024-09-12 19:52:00+00:00,17.350000381469727,17.350000381469727,17.385000228881836,17.350000381469727,17.385000228881836,2932.0,FIHL,1m
2024-09-12 19:53:00+00:00,17.360000610351562,17.360000610351562,17.3700008392334,17.350000381469727,17.354999542236328,1955.0,FIHL,1m
2024-09-12 19:54:00+00:00,17.350000381469727,17.350000381469727,17.354999542236328,17.350000381469727,17.354999542236328,1190.0,FIHL,1m
2024-09-12 19:55:00+00:00,17.34000015258789,17.34000015258789,17.344999313354492,17.34000015258789,17.344999313354492,1572.0,FIHL,1m
2024-09-12 19:56:00+00:00,17.354999542236328,17.354999542236328,17.360000610351562,17.34000015258789,17.344999313354492,2097.0,FIHL,1m
2024-09-12 19:57:00+00:00,17.3799991607666,17.3799991607666,17.3799991607666,17.350000381469727,17.350000381469727,5563.0,FIHL,1m
2024-09-12 19:58:00+00:00,17.364999771118164,17.364999771118164,17.375,17.354999542236328,17.375,5313.0,FIHL,1m
2024-09-12 19:59:00+00:00,17.3700008392334,17.3700008392334,17.3799991607666,17.34000015258789,17.364999771118164,8588.0,FIHL,1m
2024-09-13 13:30:00+00:00,17.489999771118164,17.489999771118164,17.530000686645508,17.489999771118164,17.530000686645508,2588.0,FIHL,1m
2024-09-13 13:38:00+00:00,17.52669906616211,17.52669906616211,17.579999923706055,17.510000228881836,17.579999923706055,1614.0,FIHL,1m
2024-09-13 13:41:00+00:00,17.5,17.5,17.510000228881836,17.5,17.510000228881836,476.0,FIHL,1m
2024-09-13 13:45:00+00:00,17.5049991607666,17.5049991607666,17.5049991607666,17.5049991607666,17.5049991607666,100.0,FIHL,1m
2024-09-13 13:46:00+00:00,17.54990005493164,17.54990005493164,17.54990005493164,17.510000228881836,17.510000228881836,1416.0,FIHL,1m
2024-09-13 13:47:00+00:00,17.56999969482422,17.56999969482422,17.56999969482422,17.549999237060547,17.549999237060547,754.0,FIHL,1m
2024-09-13 13:48:00+00:00,17.565000534057617,17.565000534057617,17.565000534057617,17.565000534057617,17.565000534057617,1083.0,FIHL,1m
2024-09-13 13:50:00+00:00,17.56999969482422,17.56999969482422,17.56999969482422,17.56999969482422,17.56999969482422,115.0,FIHL,1m
2024-09-13 13:53:00+00:00,17.559999465942383,17.559999465942383,17.559999465942383,17.559999465942383,17.559999465942383,124.0,FIHL,1m
2024-09-13 13:54:00+00:00,17.579999923706055,17.579999923706055,17.579999923706055,17.530000686645508,17.530000686645508,1963.0,FIHL,1m
2024-09-13 13:55:00+00:00,17.600000381469727,17.600000381469727,17.600000381469727,17.600000381469727,17.600000381469727,488.0,FIHL,1m
2024-09-13 13:59:00+00:00,17.635000228881836,17.635000228881836,17.635000228881836,17.6299991607666,17.6299991607666,464.0,FIHL,1m
2024-09-13 14:00:00+00:00,17.59000015258789,17.59000015258789,17.59000015258789,17.59000015258789,17.59000015258789,100.0,FIHL,1m
2024-09-13 14:01:00+00:00,17.59000015258789,17.59000015258789,17.59000015258789,17.59000015258789,17.59000015258789,461.0,FIHL,1m
2024-09-13 14:03:00+00:00,17.579999923706055,17.579999923706055,17.579999923706055,17.579999923706055,17.579999923706055,101.0,FIHL,1m
2024-09-13 14:04:00+00:00,17.559999465942383,17.559999465942383,17.584999084472656,17.559999465942383,17.584999084472656,2237.0,FIHL,1m
2024-09-13 14:05:00+00:00,17.55500030517578,17.55500030517578,17.55500030517578,17.55500030517578,17.55500030517578,305.0,FIHL,1m
2024-09-13 14:07:00+00:00,17.579999923706055,17.579999923706055,17.579999923706055,17.579999923706055,17.579999923706055,212.0,FIHL,1m
2024-09-13 14:08:00+00:00,17.594999313354492,17.594999313354492,17.594999313354492,17.59000015258789,17.59000015258789,635.0,FIHL,1m
2024-09-13 14:10:00+00:00,17.610000610351562,17.610000610351562,17.610000610351562,17.610000610351562,17.610000610351562,443.0,FIHL,1m
2024-09-13 14:11:00+00:00,17.6200008392334,17.6200008392334,17.6200008392334,17.6200008392334,17.6200008392334,101.0,FIHL,1m
2024-09-13 14:12:00+00:00,17.649999618530273,17.649999618530273,17.649999618530273,17.6299991607666,17.6299991607666,359.0,FIHL,1m
2024-09-13 14:13:00+00:00,17.614999771118164,17.614999771118164,17.6299991607666,17.614999771118164,17.6299991607666,456.0,FIHL,1m
2024-09-13 14:14:00+00:00,17.619800567626953,17.619800567626953,17.619800567626953,17.619800567626953,17.619800567626953,277.0,FIHL,1m
2024-09-13 14:17:00+00:00,17.6200008392334,17.6200008392334,17.6200008392334,17.6200008392334,17.6200008392334,253.0,FIHL,1m
2024-09-13 14:21:00+00:00,17.604999542236328,17.604999542236328,17.604999542236328,17.604999542236328,17.604999542236328,222.0,FIHL,1m
2024-09-13 14:24:00+00:00,17.565000534057617,17.565000534057617,17.565000534057617,17.565000534057617,17.565000534057617,100.0,FIHL,1m
2024-09-13 14:25:00+00:00,17.579999923706055,17.579999923706055,17.579999923706055,17.579999923706055,17.579999923706055,818.0,FIHL,1m
2024-09-13 14:27:00+00:00,17.56999969482422,17.56999969482422,17.56999969482422,17.559999465942383,17.559999465942383,634.0,FIHL,1m
2024-09-13 14:28:00+00:00,17.53499984741211,17.53499984741211,17.53499984741211,17.53499984741211,17.53499984741211,478.0,FIHL,1m
2024-09-13 14:30:00+00:00,17.540000915527344,17.540000915527344,17.540000915527344,17.540000915527344,17.540000915527344,1201.0,FIHL,1m
2024-09-13 14:33:00+00:00,17.540000915527344,17.540000915527344,17.540000915527344,17.540000915527344,17.540000915527344,495.0,FIHL,1m
2024-09-13 14:35:00+00:00,17.520000457763672,17.520000457763672,17.520000457763672,17.520000457763672,17.520000457763672,149.0,FIHL,1m
2024-09-13 14:36:00+00:00,17.530000686645508,17.530000686645508,17.530000686645508,17.530000686645508,17.530000686645508,409.0,FIHL,1m
2024-09-13 14:37:00+00:00,17.540000915527344,17.540000915527344,17.540000915527344,17.540000915527344,17.540000915527344,500.0,FIHL,1m
2024-09-13 14:39:00+00:00,17.579999923706055,17.579999923706055,17.579999923706055,17.545000076293945,17.545000076293945,1423.0,FIHL,1m
2024-09-13 14:40:00+00:00,17.604999542236328,17.604999542236328,17.604999542236328,17.604999542236328,17.604999542236328,111.0,FIHL,1m
2024-09-13 14:41:00+00:00,17.600000381469727,17.600000381469727,17.600000381469727,17.600000381469727,17.600000381469727,408.0,FIHL,1m
2024-09-13 14:45:00+00:00,17.600000381469727,17.600000381469727,17.610000610351562,17.600000381469727,17.610000610351562,874.0,FIHL,1m
2024-09-13 14:46:00+00:00,17.610000610351562,17.610000610351562,17.610000610351562,17.600000381469727,17.600000381469727,756.0,FIHL,1m
2024-09-13 14:49:00+00:00,17.639999389648438,17.639999389648438,17.639999389648438,17.639999389648438,17.639999389648438,100.0,FIHL,1m
2024-09-13 14:50:00+00:00,17.639999389648438,17.639999389648438,17.639999389648438,17.639999389648438,17.639999389648438,202.0,FIHL,1m
2024-09-13 14:52:00+00:00,17.649999618530273,17.649999618530273,17.65999984741211,17.6299991607666,17.639999389648438,1987.0,FIHL,1m
2024-09-13 14:54:00+00:00,17.665000915527344,17.665000915527344,17.665000915527344,17.665000915527344,17.665000915527344,128.0,FIHL,1m
2024-09-13 14:55:00+00:00,17.700000762939453,17.700000762939453,17.700000762939453,17.670000076293945,17.670000076293945,2085.0,FIHL,1m
2024-09-13 14:56:00+00:00,17.686399459838867,17.686399459838867,17.686399459838867,17.686399459838867,17.686399459838867,286.0,FIHL,1m
2024-09-13 14:57:00+00:00,17.670000076293945,17.670000076293945,17.674999237060547,17.670000076293945,17.670000076293945,430.0,FIHL,1m
2024-09-13 14:58:00+00:00,17.68000030517578,17.68000030517578,17.68000030517578,17.68000030517578,17.68000030517578,243.0,FIHL,1m
2024-09-13 15:00:00+00:00,17.690000534057617,17.690000534057617,17.690000534057617,17.68000030517578,17.684999465942383,1056.0,FIHL,1m
2024-09-13 15:01:00+00:00,17.68000030517578,17.68000030517578,17.68000030517578,17.68000030517578,17.68000030517578,886.0,FIHL,1m
2024-09-13 15:06:00+00:00,17.670000076293945,17.670000076293945,17.670000076293945,17.65999984741211,17.65999984741211,1248.0,FIHL,1m
2024-09-13 15:07:00+00:00,17.670000076293945,17.670000076293945,17.670000076293945,17.670000076293945,17.670000076293945,101.0,FIHL,1m
2024-09-13 15:08:00+00:00,17.690000534057617,17.690000534057617,17.690000534057617,17.670000076293945,17.670000076293945,3118.0,FIHL,1m
2024-09-13 15:10:00+00:00,17.670000076293945,17.670000076293945,17.68000030517578,17.670000076293945,17.68000030517578,627.0,FIHL,1m
2024-09-13 15:12:00+00:00,17.700000762939453,17.700000762939453,17.700000762939453,17.68000030517578,17.68000030517578,2575.0,FIHL,1m
2024-09-13 15:13:00+00:00,17.700000762939453,17.700000762939453,17.700000762939453,17.700000762939453,17.700000762939453,521.0,FIHL,1m
2024-09-13 15:15:00+00:00,17.690000534057617,17.690000534057617,17.690000534057617,17.684999465942383,17.684999465942383,372.0,FIHL,1m
2024-09-13 15:17:00+00:00,17.700000762939453,17.700000762939453,17.700000762939453,17.700000762939453,17.700000762939453,528.0,FIHL,1m
2024-09-13 15:20:00+00:00,17.709999084472656,17.709999084472656,17.709999084472656,17.709999084472656,17.709999084472656,1788.0,FIHL,1m
2024-09-13 15:22:00+00:00,17.719999313354492,17.719999313354492,17.719999313354492,17.709999084472656,17.709999084472656,551.0,FIHL,1m
2024-09-13 15:24:00+00:00,17.729999542236328,17.729999542236328,17.729999542236328,17.719999313354492,17.719999313354492,1062.0,FIHL,1m
2024-09-13 15:25:00+00:00,17.739999771118164,17.739999771118164,17.739999771118164,17.739999771118164,17.739999771118164,101.0,FIHL,1m
2024-09-13 15:26:00+00:00,17.729999542236328,17.729999542236328,17.729999542236328,17.729999542236328,17.729999542236328,108.0,FIHL,1m
2024-09-13 15:27:00+00:00,17.729999542236328,17.729999542236328,17.729999542236328,17.729999542236328,17.729999542236328,314.0,FIHL,1m
2024-09-13 15:29:00+00:00,17.739999771118164,17.739999771118164,17.770000457763672,17.739999771118164,17.75,2516.0,FIHL,1m
2024-09-13 15:30:00+00:00,17.725000381469727,17.725000381469727,17.729999542236328,17.725000381469727,17.729999542236328,241.0,FIHL,1m
2024-09-13 15:31:00+00:00,17.725000381469727,17.725000381469727,17.725000381469727,17.725000381469727,17.725000381469727,222.0,FIHL,1m
2024-09-13 15:32:00+00:00,17.75,17.75,17.75,17.729999542236328,17.729999542236328,2701.0,FIHL,1m
2024-09-13 15:33:00+00:00,17.739999771118164,17.739999771118164,17.760000228881836,17.729999542236328,17.760000228881836,2342.0,FIHL,1m
2024-09-13 15:34:00+00:00,17.729999542236328,17.729999542236328,17.729999542236328,17.729999542236328,17.729999542236328,100.0,FIHL,1m
2024-09-13 15:35:00+00:00,17.739999771118164,17.739999771118164,17.739999771118164,17.73200035095215,17.735000610351562,1624.0,FIHL,1m
2024-09-13 15:36:00+00:00,17.709999084472656,17.709999084472656,17.719999313354492,17.709999084472656,17.719999313354492,1382.0,FIHL,1m
2024-09-13 15:37:00+00:00,17.729999542236328,17.729999542236328,17.739999771118164,17.729999542236328,17.729999542236328,1682.0,FIHL,1m
2024-09-13 15:40:00+00:00,17.729999542236328,17.729999542236328,17.729999542236328,17.71500015258789,17.729999542236328,2210.0,FIHL,1m
2024-09-13 15:44:00+00:00,17.729999542236328,17.729999542236328,17.729999542236328,17.729999542236328,17.729999542236328,846.0,FIHL,1m
2024-09-13 15:45:00+00:00,17.729999542236328,17.729999542236328,17.729999542236328,17.729999542236328,17.729999542236328,727.0,FIHL,1m
2024-09-13 15:47:00+00:00,17.729999542236328,17.729999542236328,17.729999542236328,17.729999542236328,17.729999542236328,630.0,FIHL,1m
2024-09-13 15:54:00+00:00,17.75,17.75,17.75,17.75,17.75,157.0,FIHL,1m
2024-09-13 15:55:00+00:00,17.75,17.75,17.75,17.75,17.75,1910.0,FIHL,1m
2024-09-13 16:01:00+00:00,17.709999084472656,17.709999084472656,17.729999542236328,17.700000762939453,17.729999542236328,3444.0,FIHL,1m
2024-09-13 16:02:00+00:00,17.700000762939453,17.700000762939453,17.700000762939453,17.700000762939453,17.700000762939453,366.0,FIHL,1m
2024-09-13 16:04:00+00:00,17.700000762939453,17.700000762939453,17.700000762939453,17.700000762939453,17.700000762939453,374.0,FIHL,1m
2024-09-13 16:06:00+00:00,17.709999084472656,17.709999084472656,17.709999084472656,17.700000762939453,17.700000762939453,737.0,FIHL,1m
2024-09-13 16:07:00+00:00,17.709999084472656,17.709999084472656,17.709999084472656,17.709999084472656,17.709999084472656,200.0,FIHL,1m
2024-09-13 16:08:00+00:00,17.709999084472656,17.709999084472656,17.709999084472656,17.709999084472656,17.709999084472656,421.0,FIHL,1m
2024-09-13 16:09:00+00:00,17.729999542236328,17.729999542236328,17.739999771118164,17.719999313354492,17.719999313354492,2714.0,FIHL,1m
2024-09-13 16:10:00+00:00,17.719999313354492,17.719999313354492,17.719999313354492,17.719999313354492,17.719999313354492,467.0,FIHL,1m
2024-09-13 16:14:00+00:00,17.700000762939453,17.700000762939453,17.709999084472656,17.700000762939453,17.709999084472656,346.0,FIHL,1m
2024-09-13 16:16:00+00:00,17.700000762939453,17.700000762939453,17.700000762939453,17.700000762939453,17.700000762939453,169.0,FIHL,1m
2024-09-13 16:18:00+00:00,17.700000762939453,17.700000762939453,17.704999923706055,17.700000762939453,17.704999923706055,601.0,FIHL,1m
2024-09-13 16:21:00+00:00,17.700000762939453,17.700000762939453,17.700000762939453,17.700000762939453,17.700000762939453,205.0,FIHL,1m
2024-09-13 16:26:00+00:00,17.68000030517578,17.68000030517578,17.68000030517578,17.68000030517578,17.68000030517578,780.0,FIHL,1m
2024-09-13 16:30:00+00:00,17.639999389648438,17.639999389648438,17.639999389648438,17.639999389648438,17.639999389648438,383.0,FIHL,1m
2024-09-13 16:32:00+00:00,17.6299991607666,17.6299991607666,17.639999389648438,17.6299991607666,17.639999389648438,202.0,FIHL,1m
2024-09-13 16:34:00+00:00,17.6200008392334,17.6200008392334,17.6299991607666,17.6200008392334,17.6299991607666,499.0,FIHL,1m
2024-09-13 16:37:00+00:00,17.610000610351562,17.610000610351562,17.611000061035156,17.610000610351562,17.611000061035156,407.0,FIHL,1m
2024-09-13 16:40:00+00:00,17.6200008392334,17.6200008392334,17.6299991607666,17.6200008392334,17.6299991607666,1835.0,FIHL,1m
2024-09-13 16:41:00+00:00,17.6299991607666,17.6299991607666,17.6299991607666,17.6299991607666,17.6299991607666,506.0,FIHL,1m
2024-09-13 16:46:00+00:00,17.610000610351562,17.610000610351562,17.610000610351562,17.610000610351562,17.610000610351562,231.0,FIHL,1m
2024-09-13 16:47:00+00:00,17.6200008392334,17.6200008392334,17.6200008392334,17.600000381469727,17.614999771118164,795.0,FIHL,1m
2024-09-13 16:48:00+00:00,17.620100021362305,17.620100021362305,17.620100021362305,17.620100021362305,17.620100021362305,336.0,FIHL,1m
2024-09-13 16:49:00+00:00,17.610000610351562,17.610000610351562,17.610000610351562,17.610000610351562,17.610000610351562,320.0,FIHL,1m
2024-09-13 16:50:00+00:00,17.600000381469727,17.600000381469727,17.610000610351562,17.600000381469727,17.610000610351562,217.0,FIHL,1m
2024-09-13 16:51:00+00:00,17.610000610351562,17.610000610351562,17.610000610351562,17.610000610351562,17.610000610351562,134.0,FIHL,1m
2024-09-13 16:54:00+00:00,17.600000381469727,17.600000381469727,17.600000381469727,17.590999603271484,17.600000381469727,1507.0,FIHL,1m
2024-09-13 16:56:00+00:00,17.59000015258789,17.59000015258789,17.600000381469727,17.59000015258789,17.600000381469727,281.0,FIHL,1m
2024-09-13 16:57:00+00:00,17.59000015258789,17.59000015258789,17.59000015258789,17.59000015258789,17.59000015258789,318.0,FIHL,1m
2024-09-13 16:58:00+00:00,17.579999923706055,17.579999923706055,17.579999923706055,17.579999923706055,17.579999923706055,415.0,FIHL,1m
2024-09-13 17:01:00+00:00,17.59000015258789,17.59000015258789,17.59000015258789,17.59000015258789,17.59000015258789,300.0,FIHL,1m
2024-09-13 17:03:00+00:00,17.59000015258789,17.59000015258789,17.59000015258789,17.59000015258789,17.59000015258789,342.0,FIHL,1m
2024-09-13 17:08:00+00:00,17.579999923706055,17.579999923706055,17.59000015258789,17.579999923706055,17.59000015258789,234.0,FIHL,1m
2024-09-13 17:09:00+00:00,17.579999923706055,17.579999923706055,17.579999923706055,17.579999923706055,17.579999923706055,413.0,FIHL,1m
2024-09-13 17:13:00+00:00,17.594999313354492,17.594999313354492,17.594999313354492,17.594999313354492,17.594999313354492,573.0,FIHL,1m
2024-09-13 17:18:00+00:00,17.575000762939453,17.575000762939453,17.579999923706055,17.575000762939453,17.579999923706055,649.0,FIHL,1m
2024-09-13 17:22:00+00:00,17.575000762939453,17.575000762939453,17.575000762939453,17.575000762939453,17.575000762939453,340.0,FIHL,1m
2024-09-13 17:24:00+00:00,17.56999969482422,17.56999969482422,17.579999923706055,17.56999969482422,17.579999923706055,1461.0,FIHL,1m
2024-09-13 17:25:00+00:00,17.579999923706055,17.579999923706055,17.579999923706055,17.579999923706055,17.579999923706055,519.0,FIHL,1m
2024-09-13 17:27:00+00:00,17.579999923706055,17.579999923706055,17.579999923706055,17.579999923706055,17.579999923706055,318.0,FIHL,1m
2024-09-13 17:30:00+00:00,17.584999084472656,17.584999084472656,17.584999084472656,17.584999084472656,17.584999084472656,298.0,FIHL,1m
2024-09-13 17:32:00+00:00,17.570100784301758,17.570100784301758,17.570100784301758,17.570100784301758,17.570100784301758,753.0,FIHL,1m
2024-09-13 17:37:00+00:00,17.59000015258789,17.59000015258789,17.59000015258789,17.59000015258789,17.59000015258789,202.0,FIHL,1m
2024-09-13 17:38:00+00:00,17.59000015258789,17.59000015258789,17.59000015258789,17.59000015258789,17.59000015258789,253.0,FIHL,1m
2024-09-13 17:39:00+00:00,17.56999969482422,17.56999969482422,17.579999923706055,17.56999969482422,17.579999923706055,931.0,FIHL,1m
2024-09-13 17:40:00+00:00,17.56999969482422,17.56999969482422,17.56999969482422,17.56999969482422,17.56999969482422,158.0,FIHL,1m
2024-09-13 17:42:00+00:00,17.56999969482422,17.56999969482422,17.56999969482422,17.56999969482422,17.56999969482422,341.0,FIHL,1m
2024-09-13 17:43:00+00:00,17.56999969482422,17.56999969482422,17.56999969482422,17.565000534057617,17.565000534057617,438.0,FIHL,1m
2024-09-13 17:45:00+00:00,17.549999237060547,17.549999237060547,17.559999465942383,17.549999237060547,17.559999465942383,559.0,FIHL,1m
2024-09-13 17:46:00+00:00,17.549999237060547,17.549999237060547,17.549999237060547,17.549999237060547,17.549999237060547,100.0,FIHL,1m
2024-09-13 17:47:00+00:00,17.549999237060547,17.549999237060547,17.549999237060547,17.549999237060547,17.549999237060547,601.0,FIHL,1m
2024-09-13 17:49:00+00:00,17.530000686645508,17.530000686645508,17.540000915527344,17.530000686645508,17.540000915527344,442.0,FIHL,1m
2024-09-13 17:50:00+00:00,17.549999237060547,17.549999237060547,17.549999237060547,17.540000915527344,17.540000915527344,1202.0,FIHL,1m
2024-09-13 17:54:00+00:00,17.540000915527344,17.540000915527344,17.540000915527344,17.540000915527344,17.540000915527344,261.0,FIHL,1m
2024-09-13 17:56:00+00:00,17.530000686645508,17.530000686645508,17.530000686645508,17.530000686645508,17.530000686645508,281.0,FIHL,1m
2024-09-13 17:58:00+00:00,17.530000686645508,17.530000686645508,17.530000686645508,17.530000686645508,17.530000686645508,345.0,FIHL,1m
2024-09-13 17:59:00+00:00,17.520000457763672,17.520000457763672,17.520000457763672,17.520000457763672,17.520000457763672,456.0,FIHL,1m
2024-09-13 18:00:00+00:00,17.5,17.5,17.530000686645508,17.5,17.530000686645508,1270.0,FIHL,1m
2024-09-13 18:01:00+00:00,17.510000228881836,17.510000228881836,17.510000228881836,17.489999771118164,17.5,1520.0,FIHL,1m
2024-09-13 18:02:00+00:00,17.510000228881836,17.510000228881836,17.510000228881836,17.510000228881836,17.510000228881836,493.0,FIHL,1m
2024-09-13 18:03:00+00:00,17.520000457763672,17.520000457763672,17.520000457763672,17.520000457763672,17.520000457763672,548.0,FIHL,1m
2024-09-13 18:05:00+00:00,17.549999237060547,17.549999237060547,17.549999237060547,17.540000915527344,17.540000915527344,634.0,FIHL,1m
2024-09-13 18:06:00+00:00,17.540000915527344,17.540000915527344,17.549999237060547,17.540000915527344,17.549999237060547,1155.0,FIHL,1m
2024-09-13 18:08:00+00:00,17.559999465942383,17.559999465942383,17.559999465942383,17.559999465942383,17.559999465942383,102.0,FIHL,1m
2024-09-13 18:09:00+00:00,17.55500030517578,17.55500030517578,17.55500030517578,17.55500030517578,17.55500030517578,112.0,FIHL,1m
2024-09-13 18:11:00+00:00,17.549999237060547,17.549999237060547,17.549999237060547,17.549999237060547,17.549999237060547,853.0,FIHL,1m
2024-09-13 18:13:00+00:00,17.549999237060547,17.549999237060547,17.549999237060547,17.549999237060547,17.549999237060547,167.0,FIHL,1m
2024-09-13 18:15:00+00:00,17.559999465942383,17.559999465942383,17.559999465942383,17.559999465942383,17.559999465942383,478.0,FIHL,1m
2024-09-13 18:16:00+00:00,17.59000015258789,17.59000015258789,17.59000015258789,17.59000015258789,17.59000015258789,216.0,FIHL,1m
2024-09-13 18:17:00+00:00,17.59000015258789,17.59000015258789,17.59000015258789,17.59000015258789,17.59000015258789,278.0,FIHL,1m
2024-09-13 18:18:00+00:00,17.594999313354492,17.594999313354492,17.594999313354492,17.594999313354492,17.594999313354492,667.0,FIHL,1m
2024-09-13 18:22:00+00:00,17.600000381469727,17.600000381469727,17.600000381469727,17.600000381469727,17.600000381469727,2382.0,FIHL,1m
2024-09-13 18:23:00+00:00,17.610000610351562,17.610000610351562,17.610000610351562,17.610000610351562,17.610000610351562,470.0,FIHL,1m
2024-09-13 18:24:00+00:00,17.600000381469727,17.600000381469727,17.604999542236328,17.600000381469727,17.604999542236328,828.0,FIHL,1m
2024-09-13 18:26:00+00:00,17.594999313354492,17.594999313354492,17.594999313354492,17.594999313354492,17.594999313354492,501.0,FIHL,1m
2024-09-13 18:28:00+00:00,17.594999313354492,17.594999313354492,17.594999313354492,17.594999313354492,17.594999313354492,479.0,FIHL,1m
2024-09-13 18:30:00+00:00,17.59000015258789,17.59000015258789,17.59000015258789,17.59000015258789,17.59000015258789,837.0,FIHL,1m
2024-09-13 18:31:00+00:00,17.59000015258789,17.59000015258789,17.59000015258789,17.59000015258789,17.59000015258789,725.0,FIHL,1m
2024-09-13 18:33:00+00:00,17.59000015258789,17.59000015258789,17.59000015258789,17.59000015258789,17.59000015258789,613.0,FIHL,1m
2024-09-13 18:35:00+00:00,17.594999313354492,17.594999313354492,17.594999313354492,17.594999313354492,17.594999313354492,844.0,FIHL,1m
2024-09-13 18:38:00+00:00,17.594999313354492,17.594999313354492,17.594999313354492,17.594999313354492,17.594999313354492,1107.0,FIHL,1m
2024-09-13 18:41:00+00:00,17.594999313354492,17.594999313354492,17.594999313354492,17.594999313354492,17.594999313354492,330.0,FIHL,1m
2024-09-13 18:42:00+00:00,17.600000381469727,17.600000381469727,17.600000381469727,17.600000381469727,17.600000381469727,932.0,FIHL,1m
2024-09-13 18:45:00+00:00,17.610000610351562,17.610000610351562,17.610000610351562,17.600000381469727,17.600000381469727,348.0,FIHL,1m
2024-09-13 18:47:00+00:00,17.6200008392334,17.6200008392334,17.625,17.6200008392334,17.625,720.0,FIHL,1m
2024-09-13 18:49:00+00:00,17.6200008392334,17.6200008392334,17.6200008392334,17.6200008392334,17.6200008392334,712.0,FIHL,1m
2024-09-13 18:51:00+00:00,17.610000610351562,17.610000610351562,17.610000610351562,17.610000610351562,17.610000610351562,427.0,FIHL,1m
2024-09-13 18:52:00+00:00,17.610000610351562,17.610000610351562,17.610000610351562,17.610000610351562,17.610000610351562,966.0,FIHL,1m
2024-09-13 18:57:00+00:00,17.604999542236328,17.604999542236328,17.604999542236328,17.604999542236328,17.604999542236328,210.0,FIHL,1m
2024-09-13 18:58:00+00:00,17.604999542236328,17.604999542236328,17.604999542236328,17.604999542236328,17.604999542236328,171.0,FIHL,1m
2024-09-13 18:59:00+00:00,17.604999542236328,17.604999542236328,17.604999542236328,17.600000381469727,17.600000381469727,270.0,FIHL,1m
2024-09-13 19:00:00+00:00,17.604999542236328,17.604999542236328,17.604999542236328,17.604999542236328,17.604999542236328,254.0,FIHL,1m
2024-09-13 19:02:00+00:00,17.600000381469727,17.600000381469727,17.600000381469727,17.600000381469727,17.600000381469727,144.0,FIHL,1m
2024-09-13 19:03:00+00:00,17.600000381469727,17.600000381469727,17.600000381469727,17.600000381469727,17.600000381469727,780.0,FIHL,1m
2024-09-13 19:05:00+00:00,17.59000015258789,17.59000015258789,17.59000015258789,17.584999084472656,17.584999084472656,797.0,FIHL,1m
2024-09-13 19:07:00+00:00,17.584999084472656,17.584999084472656,17.59000015258789,17.584999084472656,17.59000015258789,389.0,FIHL,1m
2024-09-13 19:08:00+00:00,17.584999084472656,17.584999084472656,17.584999084472656,17.584999084472656,17.584999084472656,128.0,FIHL,1m
2024-09-13 19:09:00+00:00,17.56999969482422,17.56999969482422,17.579999923706055,17.56999969482422,17.579999923706055,335.0,FIHL,1m
2024-09-13 19:11:00+00:00,17.575000762939453,17.575000762939453,17.575000762939453,17.575000762939453,17.575000762939453,634.0,FIHL,1m
2024-09-13 19:14:00+00:00,17.565000534057617,17.565000534057617,17.56999969482422,17.565000534057617,17.56999969482422,759.0,FIHL,1m
2024-09-13 19:17:00+00:00,17.56999969482422,17.56999969482422,17.56999969482422,17.56999969482422,17.56999969482422,229.0,FIHL,1m
2024-09-13 19:18:00+00:00,17.579999923706055,17.579999923706055,17.579999923706055,17.56999969482422,17.56999969482422,929.0,FIHL,1m
2024-09-13 19:19:00+00:00,17.56999969482422,17.56999969482422,17.56999969482422,17.56999969482422,17.56999969482422,215.0,FIHL,1m
2024-09-13 19:21:00+00:00,17.559999465942383,17.559999465942383,17.56999969482422,17.559999465942383,17.56999969482422,989.0,FIHL,1m
2024-09-13 19:26:00+00:00,17.565000534057617,17.565000534057617,17.565000534057617,17.565000534057617,17.565000534057617,479.0,FIHL,1m
2024-09-13 19:27:00+00:00,17.56999969482422,17.56999969482422,17.56999969482422,17.565000534057617,17.565000534057617,1540.0,FIHL,1m
2024-09-13 19:28:00+00:00,17.565000534057617,17.565000534057617,17.565000534057617,17.565000534057617,17.565000534057617,616.0,FIHL,1m
2024-09-13 19:29:00+00:00,17.579999923706055,17.579999923706055,17.579999923706055,17.56999969482422,17.56999969482422,731.0,FIHL,1m
2024-09-13 19:31:00+00:00,17.579999923706055,17.579999923706055,17.579999923706055,17.579999923706055,17.579999923706055,270.0,FIHL,1m
2024-09-13 19:32:00+00:00,17.575000762939453,17.575000762939453,17.575000762939453,17.575000762939453,17.575000762939453,697.0,FIHL,1m
2024-09-13 19:33:00+00:00,17.579999923706055,17.579999923706055,17.579999923706055,17.575000762939453,17.575000762939453,374.0,FIHL,1m
2024-09-13 19:34:00+00:00,17.56999969482422,17.56999969482422,17.575000762939453,17.56999969482422,17.575000762939453,839.0,FIHL,1m
2024-09-13 19:35:00+00:00,17.549999237060547,17.549999237060547,17.565000534057617,17.549999237060547,17.565000534057617,958.0,FIHL,1m
2024-09-13 19:36:00+00:00,17.55500030517578,17.55500030517578,17.55500030517578,17.55500030517578,17.55500030517578,354.0,FIHL,1m
2024-09-13 19:37:00+00:00,17.549999237060547,17.549999237060547,17.549999237060547,17.549999237060547,17.549999237060547,236.0,FIHL,1m
2024-09-13 19:38:00+00:00,17.545000076293945,17.545000076293945,17.545000076293945,17.545000076293945,17.545000076293945,603.0,FIHL,1m
2024-09-13 19:39:00+00:00,17.56999969482422,17.56999969482422,17.56999969482422,17.549999237060547,17.549999237060547,1305.0,FIHL,1m
2024-09-13 19:41:00+00:00,17.56999969482422,17.56999969482422,17.56999969482422,17.56999969482422,17.56999969482422,497.0,FIHL,1m
2024-09-13 19:43:00+00:00,17.559999465942383,17.559999465942383,17.559999465942383,17.559999465942383,17.559999465942383,578.0,FIHL,1m
2024-09-13 19:44:00+00:00,17.55500030517578,17.55500030517578,17.55500030517578,17.549999237060547,17.549999237060547,1490.0,FIHL,1m
2024-09-13 19:45:00+00:00,17.56999969482422,17.56999969482422,17.579999923706055,17.55500030517578,17.55500030517578,1444.0,FIHL,1m
2024-09-13 19:46:00+00:00,17.575000762939453,17.575000762939453,17.575000762939453,17.575000762939453,17.575000762939453,106.0,FIHL,1m
2024-09-13 19:47:00+00:00,17.575000762939453,17.575000762939453,17.575000762939453,17.575000762939453,17.575000762939453,208.0,FIHL,1m
2024-09-13 19:48:00+00:00,17.579999923706055,17.579999923706055,17.584999084472656,17.579999923706055,17.579999923706055,1494.0,FIHL,1m
2024-09-13 19:49:00+00:00,17.56999969482422,17.56999969482422,17.56999969482422,17.56999969482422,17.56999969482422,365.0,FIHL,1m
2024-09-13 19:50:00+00:00,17.549999237060547,17.549999237060547,17.579999923706055,17.549999237060547,17.579999923706055,2511.0,FIHL,1m
2024-09-13 19:51:00+00:00,17.56999969482422,17.56999969482422,17.56999969482422,17.56999969482422,17.56999969482422,864.0,FIHL,1m
2024-09-13 19:52:00+00:00,17.56999969482422,17.56999969482422,17.579999923706055,17.56999969482422,17.579999923706055,550.0,FIHL,1m
2024-09-13 19:53:00+00:00,17.579999923706055,17.579999923706055,17.579999923706055,17.559999465942383,17.559999465942383,4648.0,FIHL,1m
2024-09-13 19:54:00+00:00,17.59000015258789,17.59000015258789,17.600000381469727,17.56999969482422,17.56999969482422,2290.0,FIHL,1m
2024-09-13 19:55:00+00:00,17.594999313354492,17.594999313354492,17.600000381469727,17.59000015258789,17.600000381469727,1919.0,FIHL,1m
2024-09-13 19:56:00+00:00,17.614999771118164,17.614999771118164,17.6200008392334,17.600000381469727,17.600000381469727,2222.0,FIHL,1m
2024-09-13 19:57:00+00:00,17.610000610351562,17.610000610351562,17.610000610351562,17.59000015258789,17.610000610351562,2572.0,FIHL,1m
2024-09-13 19:58:00+00:00,17.594999313354492,17.594999313354492,17.600000381469727,17.59000015258789,17.600000381469727,4364.0,FIHL,1m
2024-09-13 19:59:00+00:00,17.59000015258789,17.59000015258789,17.604999542236328,17.56999969482422,17.594999313354492,8922.0,FIHL,1m
2024-09-16 13:30:00+00:00,17.670000076293945,17.670000076293945,17.670000076293945,17.670000076293945,17.670000076293945,1335.0,FIHL,1m
2024-09-16 13:32:00+00:00,17.6299991607666,17.6299991607666,17.6299991607666,17.6299991607666,17.6299991607666,130.0,FIHL,1m
2024-09-16 13:33:00+00:00,17.729999542236328,17.729999542236328,17.729999542236328,17.729999542236328,17.729999542236328,922.0,FIHL,1m
2024-09-16 13:38:00+00:00,17.600000381469727,17.600000381469727,17.600000381469727,17.600000381469727,17.600000381469727,220.0,FIHL,1m
2024-09-16 13:40:00+00:00,17.68000030517578,17.68000030517578,17.68000030517578,17.68000030517578,17.68000030517578,108.0,FIHL,1m
2024-09-16 13:46:00+00:00,17.549999237060547,17.549999237060547,17.600000381469727,17.549999237060547,17.600000381469727,1201.0,FIHL,1m
2024-09-16 13:48:00+00:00,17.579999923706055,17.579999923706055,17.579999923706055,17.579999923706055,17.579999923706055,584.0,FIHL,1m
2024-09-16 13:50:00+00:00,17.65999984741211,17.65999984741211,17.65999984741211,17.649999618530273,17.649999618530273,1620.0,FIHL,1m
2024-09-16 13:51:00+00:00,17.639999389648438,17.639999389648438,17.639999389648438,17.639999389648438,17.639999389648438,101.0,FIHL,1m
2024-09-16 13:52:00+00:00,17.649999618530273,17.649999618530273,17.690000534057617,17.649999618530273,17.690000534057617,233.0,FIHL,1m
2024-09-16 13:53:00+00:00,17.700000762939453,17.700000762939453,17.700000762939453,17.700000762939453,17.700000762939453,109.0,FIHL,1m
2024-09-16 13:54:00+00:00,17.760000228881836,17.760000228881836,17.770000457763672,17.709999084472656,17.709999084472656,1472.0,FIHL,1m
2024-09-16 14:01:00+00:00,17.790000915527344,17.790000915527344,17.790000915527344,17.790000915527344,17.790000915527344,243.0,FIHL,1m
2024-09-16 14:03:00+00:00,17.770000457763672,17.770000457763672,17.770000457763672,17.760000228881836,17.760000228881836,1515.0,FIHL,1m
2024-09-16 14:04:00+00:00,17.709999084472656,17.709999084472656,17.709999084472656,17.709999084472656,17.709999084472656,103.0,FIHL,1m
2024-09-16 14:05:00+00:00,17.709999084472656,17.709999084472656,17.709999084472656,17.709999084472656,17.709999084472656,702.0,FIHL,1m
2024-09-16 14:07:00+00:00,17.770000457763672,17.770000457763672,17.770000457763672,17.770000457763672,17.770000457763672,230.0,FIHL,1m
2024-09-16 14:08:00+00:00,17.790000915527344,17.790000915527344,17.790000915527344,17.790000915527344,17.790000915527344,717.0,FIHL,1m
2024-09-16 14:14:00+00:00,17.75,17.75,17.78499984741211,17.75,17.78499984741211,2787.0,FIHL,1m
2024-09-16 14:19:00+00:00,17.780000686645508,17.780000686645508,17.780000686645508,17.780000686645508,17.780000686645508,304.0,FIHL,1m
2024-09-16 14:29:00+00:00,17.760000228881836,17.760000228881836,17.760000228881836,17.760000228881836,17.760000228881836,635.0,FIHL,1m
2024-09-16 14:30:00+00:00,17.760000228881836,17.760000228881836,17.760000228881836,17.760000228881836,17.760000228881836,318.0,FIHL,1m
2024-09-16 14:31:00+00:00,17.760000228881836,17.760000228881836,17.760000228881836,17.760000228881836,17.760000228881836,457.0,FIHL,1m
2024-09-16 14:32:00+00:00,17.799999237060547,17.799999237060547,17.799999237060547,17.774999618530273,17.774999618530273,1236.0,FIHL,1m
2024-09-16 14:34:00+00:00,17.809999465942383,17.809999465942383,17.809999465942383,17.809999465942383,17.809999465942383,260.0,FIHL,1m
2024-09-16 14:35:00+00:00,17.829999923706055,17.829999923706055,17.829999923706055,17.829999923706055,17.829999923706055,1449.0,FIHL,1m
2024-09-16 14:47:00+00:00,17.834999084472656,17.834999084472656,17.834999084472656,17.81999969482422,17.81999969482422,1579.0,FIHL,1m
2024-09-16 14:48:00+00:00,17.84000015258789,17.84000015258789,17.84000015258789,17.829999923706055,17.834999084472656,2914.0,FIHL,1m
2024-09-16 14:49:00+00:00,17.844999313354492,17.844999313354492,17.844999313354492,17.844999313354492,17.844999313354492,298.0,FIHL,1m
2024-09-16 14:51:00+00:00,17.844999313354492,17.844999313354492,17.844999313354492,17.844999313354492,17.844999313354492,100.0,FIHL,1m
2024-09-16 14:52:00+00:00,17.84000015258789,17.84000015258789,17.844999313354492,17.829999923706055,17.844999313354492,684.0,FIHL,1m
2024-09-16 14:53:00+00:00,17.829999923706055,17.829999923706055,17.829999923706055,17.829999923706055,17.829999923706055,397.0,FIHL,1m
2024-09-16 14:54:00+00:00,17.829999923706055,17.829999923706055,17.829999923706055,17.829999923706055,17.829999923706055,350.0,FIHL,1m
2024-09-16 14:55:00+00:00,17.829999923706055,17.829999923706055,17.829999923706055,17.829999923706055,17.829999923706055,309.0,FIHL,1m
2024-09-16 14:56:00+00:00,17.829999923706055,17.829999923706055,17.829999923706055,17.810100555419922,17.829999923706055,1562.0,FIHL,1m
2024-09-16 15:05:00+00:00,17.825000762939453,17.825000762939453,17.825000762939453,17.825000762939453,17.825000762939453,231.0,FIHL,1m
2024-09-16 15:07:00+00:00,17.825000762939453,17.825000762939453,17.825000762939453,17.82360076904297,17.825000762939453,1809.0,FIHL,1m
2024-09-16 15:13:00+00:00,17.829999923706055,17.829999923706055,17.829999923706055,17.829999923706055,17.829999923706055,393.0,FIHL,1m
2024-09-16 15:15:00+00:00,17.809999465942383,17.809999465942383,17.84000015258789,17.809999465942383,17.809999465942383,2926.0,FIHL,1m
2024-09-16 15:17:00+00:00,17.799999237060547,17.799999237060547,17.799999237060547,17.799999237060547,17.799999237060547,128.0,FIHL,1m
2024-09-16 15:18:00+00:00,17.799999237060547,17.799999237060547,17.799999237060547,17.790000915527344,17.799999237060547,1294.0,FIHL,1m
2024-09-16 15:23:00+00:00,17.795900344848633,17.795900344848633,17.795900344848633,17.795900344848633,17.795900344848633,183.0,FIHL,1m
2024-09-16 15:25:00+00:00,17.80500030517578,17.80500030517578,17.80500030517578,17.80500030517578,17.80500030517578,578.0,FIHL,1m
2024-09-16 15:28:00+00:00,17.770000457763672,17.770000457763672,17.809999465942383,17.764999389648438,17.809999465942383,9437.0,FIHL,1m
2024-09-16 15:29:00+00:00,17.780000686645508,17.780000686645508,17.780000686645508,17.780000686645508,17.780000686645508,634.0,FIHL,1m
2024-09-16 15:32:00+00:00,17.809999465942383,17.809999465942383,17.809999465942383,17.809999465942383,17.809999465942383,200.0,FIHL,1m
2024-09-16 15:37:00+00:00,17.809999465942383,17.809999465942383,17.809999465942383,17.809999465942383,17.809999465942383,1057.0,FIHL,1m
2024-09-16 15:38:00+00:00,17.795000076293945,17.795000076293945,17.795000076293945,17.795000076293945,17.795000076293945,214.0,FIHL,1m
2024-09-16 15:40:00+00:00,17.795000076293945,17.795000076293945,17.795000076293945,17.790000915527344,17.790000915527344,2267.0,FIHL,1m
2024-09-16 15:50:00+00:00,17.825000762939453,17.825000762939453,17.825000762939453,17.809999465942383,17.809999465942383,1099.0,FIHL,1m
2024-09-16 15:52:00+00:00,17.825000762939453,17.825000762939453,17.84000015258789,17.825000762939453,17.84000015258789,449.0,FIHL,1m
2024-09-16 15:53:00+00:00,17.84000015258789,17.84000015258789,17.84000015258789,17.84000015258789,17.84000015258789,112.0,FIHL,1m
2024-09-16 15:55:00+00:00,17.829999923706055,17.829999923706055,17.829999923706055,17.829999923706055,17.829999923706055,161.0,FIHL,1m
2024-09-16 16:01:00+00:00,17.829999923706055,17.829999923706055,17.834999084472656,17.829999923706055,17.834999084472656,1849.0,FIHL,1m
2024-09-16 16:02:00+00:00,17.834999084472656,17.834999084472656,17.834999084472656,17.834999084472656,17.834999084472656,687.0,FIHL,1m
2024-09-16 16:03:00+00:00,17.834999084472656,17.834999084472656,17.834999084472656,17.834999084472656,17.834999084472656,104.0,FIHL,1m
2024-09-16 16:05:00+00:00,17.834999084472656,17.834999084472656,17.834999084472656,17.834999084472656,17.834999084472656,151.0,FIHL,1m
2024-09-16 16:12:00+00:00,17.815000534057617,17.815000534057617,17.81999969482422,17.809999465942383,17.81999969482422,1669.0,FIHL,1m
2024-09-16 16:13:00+00:00,17.815000534057617,17.815000534057617,17.815000534057617,17.815000534057617,17.815000534057617,101.0,FIHL,1m
2024-09-16 16:14:00+00:00,17.80500030517578,17.80500030517578,17.80500030517578,17.799999237060547,17.799999237060547,390.0,FIHL,1m
2024-09-16 16:15:00+00:00,17.790000915527344,17.790000915527344,17.790000915527344,17.790000915527344,17.790000915527344,209.0,FIHL,1m
2024-09-16 16:18:00+00:00,17.809999465942383,17.809999465942383,17.809999465942383,17.790000915527344,17.790000915527344,637.0,FIHL,1m
2024-09-16 16:19:00+00:00,17.809999465942383,17.809999465942383,17.809999465942383,17.809999465942383,17.809999465942383,466.0,FIHL,1m
2024-09-16 16:20:00+00:00,17.81999969482422,17.81999969482422,17.81999969482422,17.81999969482422,17.81999969482422,271.0,FIHL,1m
2024-09-16 16:24:00+00:00,17.809999465942383,17.809999465942383,17.809999465942383,17.809999465942383,17.809999465942383,348.0,FIHL,1m
2024-09-16 16:27:00+00:00,17.81999969482422,17.81999969482422,17.81999969482422,17.81999969482422,17.81999969482422,106.0,FIHL,1m
2024-09-16 16:28:00+00:00,17.829999923706055,17.829999923706055,17.829999923706055,17.81999969482422,17.81999969482422,912.0,FIHL,1m
2024-09-16 16:30:00+00:00,17.829999923706055,17.829999923706055,17.829999923706055,17.829999923706055,17.829999923706055,113.0,FIHL,1m
2024-09-16 16:32:00+00:00,17.815000534057617,17.815000534057617,17.815000534057617,17.815000534057617,17.815000534057617,101.0,FIHL,1m
2024-09-16 16:33:00+00:00,17.799999237060547,17.799999237060547,17.81999969482422,17.799999237060547,17.81999969482422,220.0,FIHL,1m
2024-09-16 16:34:00+00:00,17.809999465942383,17.809999465942383,17.809999465942383,17.799999237060547,17.799999237060547,546.0,FIHL,1m
2024-09-16 16:36:00+00:00,17.799999237060547,17.799999237060547,17.799999237060547,17.790000915527344,17.790000915527344,225.0,FIHL,1m
2024-09-16 16:37:00+00:00,17.795000076293945,17.795000076293945,17.795000076293945,17.795000076293945,17.795000076293945,296.0,FIHL,1m
2024-09-16 16:45:00+00:00,17.795000076293945,17.795000076293945,17.795000076293945,17.795000076293945,17.795000076293945,130.0,FIHL,1m
2024-09-16 16:48:00+00:00,17.780000686645508,17.780000686645508,17.780000686645508,17.780000686645508,17.780000686645508,803.0,FIHL,1m
2024-09-16 16:50:00+00:00,17.770000457763672,17.770000457763672,17.770000457763672,17.770000457763672,17.770000457763672,206.0,FIHL,1m
2024-09-16 16:51:00+00:00,17.799999237060547,17.799999237060547,17.799999237060547,17.799999237060547,17.799999237060547,229.0,FIHL,1m
2024-09-16 16:57:00+00:00,17.780000686645508,17.780000686645508,17.780000686645508,17.770000457763672,17.770000457763672,558.0,FIHL,1m
2024-09-16 16:58:00+00:00,17.770000457763672,17.770000457763672,17.770000457763672,17.770000457763672,17.770000457763672,510.0,FIHL,1m
2024-09-16 17:02:00+00:00,17.770000457763672,17.770000457763672,17.770000457763672,17.760000228881836,17.760000228881836,322.0,FIHL,1m
2024-09-16 17:03:00+00:00,17.774999618530273,17.774999618530273,17.774999618530273,17.774999618530273,17.774999618530273,121.0,FIHL,1m
2024-09-16 17:04:00+00:00,17.774999618530273,17.774999618530273,17.774999618530273,17.774999618530273,17.774999618530273,333.0,FIHL,1m
2024-09-16 17:07:00+00:00,17.770000457763672,17.770000457763672,17.770000457763672,17.75,17.760000228881836,15131.0,FIHL,1m
2024-09-16 17:08:00+00:00,17.764999389648438,17.764999389648438,17.780000686645508,17.764999389648438,17.764999389648438,1110.0,FIHL,1m
2024-09-16 17:09:00+00:00,17.764999389648438,17.764999389648438,17.764999389648438,17.764999389648438,17.764999389648438,167.0,FIHL,1m
2024-09-16 17:12:00+00:00,17.75,17.75,17.764999389648438,17.75,17.764999389648438,1207.0,FIHL,1m
2024-09-16 17:15:00+00:00,17.760000228881836,17.760000228881836,17.763999938964844,17.75,17.75,8622.0,FIHL,1m
2024-09-16 17:16:00+00:00,17.790000915527344,17.790000915527344,17.790000915527344,17.764999389648438,17.764999389648438,2227.0,FIHL,1m
2024-09-16 17:17:00+00:00,17.790000915527344,17.790000915527344,17.809900283813477,17.790000915527344,17.809900283813477,558.0,FIHL,1m
2024-09-16 17:18:00+00:00,17.790000915527344,17.790000915527344,17.790000915527344,17.790000915527344,17.790000915527344,101.0,FIHL,1m
2024-09-16 17:19:00+00:00,17.790000915527344,17.790000915527344,17.790000915527344,17.790000915527344,17.790000915527344,209.0,FIHL,1m
2024-09-16 17:20:00+00:00,17.809999465942383,17.809999465942383,17.809999465942383,17.809999465942383,17.809999465942383,407.0,FIHL,1m
2024-09-16 17:24:00+00:00,17.799999237060547,17.799999237060547,17.799999237060547,17.799999237060547,17.799999237060547,159.0,FIHL,1m
2024-09-16 17:25:00+00:00,17.80500030517578,17.80500030517578,17.80500030517578,17.80500030517578,17.80500030517578,167.0,FIHL,1m
2024-09-16 17:26:00+00:00,17.790000915527344,17.790000915527344,17.790000915527344,17.790000915527344,17.790000915527344,183.0,FIHL,1m
2024-09-16 17:28:00+00:00,17.790000915527344,17.790000915527344,17.790000915527344,17.790000915527344,17.790000915527344,106.0,FIHL,1m
2024-09-16 17:29:00+00:00,17.790000915527344,17.790000915527344,17.790000915527344,17.790000915527344,17.790000915527344,111.0,FIHL,1m
2024-09-16 17:30:00+00:00,17.790000915527344,17.790000915527344,17.799999237060547,17.790000915527344,17.79199981689453,1239.0,FIHL,1m
2024-09-16 17:31:00+00:00,17.799999237060547,17.799999237060547,17.799999237060547,17.799999237060547,17.799999237060547,174.0,FIHL,1m
2024-09-16 17:33:00+00:00,17.790000915527344,17.790000915527344,17.790000915527344,17.790000915527344,17.790000915527344,104.0,FIHL,1m
2024-09-16 17:34:00+00:00,17.790000915527344,17.790000915527344,17.808000564575195,17.790000915527344,17.799999237060547,1841.0,FIHL,1m
2024-09-16 17:35:00+00:00,17.760000228881836,17.760000228881836,17.770000457763672,17.760000228881836,17.770000457763672,624.0,FIHL,1m
2024-09-16 17:37:00+00:00,17.770000457763672,17.770000457763672,17.770000457763672,17.770000457763672,17.770000457763672,233.0,FIHL,1m
2024-09-16 17:39:00+00:00,17.780000686645508,17.780000686645508,17.780000686645508,17.780000686645508,17.780000686645508,591.0,FIHL,1m
2024-09-16 17:44:00+00:00,17.799999237060547,17.799999237060547,17.799999237060547,17.799999237060547,17.799999237060547,835.0,FIHL,1m
2024-09-16 17:56:00+00:00,17.764999389648438,17.764999389648438,17.780000686645508,17.764999389648438,17.780000686645508,1722.0,FIHL,1m
2024-09-16 17:58:00+00:00,17.760000228881836,17.760000228881836,17.760000228881836,17.760000228881836,17.760000228881836,145.0,FIHL,1m
2024-09-16 17:59:00+00:00,17.764999389648438,17.764999389648438,17.764999389648438,17.764999389648438,17.764999389648438,144.0,FIHL,1m
2024-09-16 18:01:00+00:00,17.762300491333008,17.762300491333008,17.762300491333008,17.760000228881836,17.760000228881836,531.0,FIHL,1m
2024-09-16 18:05:00+00:00,17.770000457763672,17.770000457763672,17.770000457763672,17.760000228881836,17.760000228881836,3649.0,FIHL,1m
2024-09-16 18:06:00+00:00,17.760000228881836,17.760000228881836,17.760000228881836,17.760000228881836,17.760000228881836,172.0,FIHL,1m
2024-09-16 18:07:00+00:00,17.760000228881836,17.760000228881836,17.77120018005371,17.760000228881836,17.77120018005371,1224.0,FIHL,1m
2024-09-16 18:11:00+00:00,17.770000457763672,17.770000457763672,17.770000457763672,17.770000457763672,17.770000457763672,511.0,FIHL,1m
2024-09-16 18:14:00+00:00,17.770000457763672,17.770000457763672,17.770000457763672,17.770000457763672,17.770000457763672,537.0,FIHL,1m
2024-09-16 18:21:00+00:00,17.780000686645508,17.780000686645508,17.780000686645508,17.780000686645508,17.780000686645508,2452.0,FIHL,1m
2024-09-16 18:36:00+00:00,17.809999465942383,17.809999465942383,17.809999465942383,17.809999465942383,17.809999465942383,454.0,FIHL,1m
2024-09-16 18:42:00+00:00,17.799999237060547,17.799999237060547,17.799999237060547,17.799999237060547,17.799999237060547,677.0,FIHL,1m
2024-09-16 18:49:00+00:00,17.809999465942383,17.809999465942383,17.809999465942383,17.799999237060547,17.799999237060547,687.0,FIHL,1m
2024-09-16 18:50:00+00:00,17.80500030517578,17.80500030517578,17.81999969482422,17.799999237060547,17.809999465942383,2025.0,FIHL,1m
2024-09-16 18:52:00+00:00,17.809999465942383,17.809999465942383,17.809999465942383,17.809999465942383,17.809999465942383,575.0,FIHL,1m
2024-09-16 18:54:00+00:00,17.809999465942383,17.809999465942383,17.809999465942383,17.809999465942383,17.809999465942383,471.0,FIHL,1m
2024-09-16 18:56:00+00:00,17.815000534057617,17.815000534057617,17.815000534057617,17.815000534057617,17.815000534057617,135.0,FIHL,1m
2024-09-16 18:57:00+00:00,17.81999969482422,17.81999969482422,17.81999969482422,17.81999969482422,17.81999969482422,133.0,FIHL,1m
2024-09-16 18:58:00+00:00,17.834999084472656,17.834999084472656,17.834999084472656,17.81999969482422,17.81999969482422,1385.0,FIHL,1m
2024-09-16 19:01:00+00:00,17.81999969482422,17.81999969482422,17.81999969482422,17.81999969482422,17.81999969482422,359.0,FIHL,1m
2024-09-16 19:02:00+00:00,17.809999465942383,17.809999465942383,17.809999465942383,17.809999465942383,17.809999465942383,223.0,FIHL,1m
2024-09-16 19:03:00+00:00,17.809999465942383,17.809999465942383,17.809999465942383,17.809999465942383,17.809999465942383,332.0,FIHL,1m
2024-09-16 19:07:00+00:00,17.799999237060547,17.799999237060547,17.799999237060547,17.799999237060547,17.799999237060547,231.0,FIHL,1m
2024-09-16 19:09:00+00:00,17.790000915527344,17.790000915527344,17.790000915527344,17.790000915527344,17.790000915527344,185.0,FIHL,1m
2024-09-16 19:10:00+00:00,17.790000915527344,17.790000915527344,17.790000915527344,17.790000915527344,17.790000915527344,401.0,FIHL,1m
2024-09-16 19:13:00+00:00,17.780000686645508,17.780000686645508,17.780000686645508,17.780000686645508,17.780000686645508,734.0,FIHL,1m
2024-09-16 19:17:00+00:00,17.780000686645508,17.780000686645508,17.780000686645508,17.774999618530273,17.780000686645508,1049.0,FIHL,1m
2024-09-16 19:19:00+00:00,17.799999237060547,17.799999237060547,17.799999237060547,17.799999237060547,17.799999237060547,228.0,FIHL,1m
2024-09-16 19:21:00+00:00,17.790000915527344,17.790000915527344,17.790000915527344,17.790000915527344,17.790000915527344,895.0,FIHL,1m
2024-09-16 19:24:00+00:00,17.780000686645508,17.780000686645508,17.780000686645508,17.780000686645508,17.780000686645508,575.0,FIHL,1m
2024-09-16 19:25:00+00:00,17.770000457763672,17.770000457763672,17.770000457763672,17.770000457763672,17.770000457763672,605.0,FIHL,1m
2024-09-16 19:30:00+00:00,17.770000457763672,17.770000457763672,17.770000457763672,17.770000457763672,17.770000457763672,736.0,FIHL,1m
2024-09-16 19:31:00+00:00,17.770000457763672,17.770000457763672,17.770000457763672,17.770000457763672,17.770000457763672,415.0,FIHL,1m
2024-09-16 19:33:00+00:00,17.770000457763672,17.770000457763672,17.770000457763672,17.770000457763672,17.770000457763672,815.0,FIHL,1m
2024-09-16 19:37:00+00:00,17.774999618530273,17.774999618530273,17.774999618530273,17.774999618530273,17.774999618530273,598.0,FIHL,1m
2024-09-16 19:39:00+00:00,17.774999618530273,17.774999618530273,17.774999618530273,17.774999618530273,17.774999618530273,381.0,FIHL,1m
2024-09-16 19:40:00+00:00,17.760000228881836,17.760000228881836,17.770000457763672,17.760000228881836,17.770000457763672,1830.0,FIHL,1m
2024-09-16 19:41:00+00:00,17.764999389648438,17.764999389648438,17.770000457763672,17.760000228881836,17.760000228881836,2155.0,FIHL,1m
2024-09-16 19:42:00+00:00,17.764999389648438,17.764999389648438,17.764999389648438,17.764999389648438,17.764999389648438,420.0,FIHL,1m
2024-09-16 19:44:00+00:00,17.770000457763672,17.770000457763672,17.780000686645508,17.764999389648438,17.764999389648438,2120.0,FIHL,1m
2024-09-16 19:45:00+00:00,17.774999618530273,17.774999618530273,17.774999618530273,17.774999618530273,17.774999618530273,259.0,FIHL,1m
2024-09-16 19:46:00+00:00,17.780000686645508,17.780000686645508,17.780000686645508,17.774999618530273,17.774999618530273,1625.0,FIHL,1m
2024-09-16 19:47:00+00:00,17.78499984741211,17.78499984741211,17.78499984741211,17.780000686645508,17.780000686645508,240.0,FIHL,1m
2024-09-16 19:48:00+00:00,17.78499984741211,17.78499984741211,17.78499984741211,17.78499984741211,17.78499984741211,309.0,FIHL,1m
2024-09-16 19:49:00+00:00,17.780000686645508,17.780000686645508,17.78499984741211,17.780000686645508,17.78499984741211,708.0,FIHL,1m
2024-09-16 19:50:00+00:00,17.770000457763672,17.770000457763672,17.780000686645508,17.770000457763672,17.780000686645508,1505.0,FIHL,1m
2024-09-16 19:51:00+00:00,17.764999389648438,17.764999389648438,17.770000457763672,17.760000228881836,17.760000228881836,4174.0,FIHL,1m
2024-09-16 19:52:00+00:00,17.772499084472656,17.772499084472656,17.772499084472656,17.760000228881836,17.760000228881836,2738.0,FIHL,1m
2024-09-16 19:53:00+00:00,17.764999389648438,17.764999389648438,17.764999389648438,17.764999389648438,17.764999389648438,290.0,FIHL,1m
2024-09-16 19:54:00+00:00,17.770000457763672,17.770000457763672,17.770000457763672,17.764999389648438,17.764999389648438,1415.0,FIHL,1m
2024-09-16 19:55:00+00:00,17.75,17.75,17.764999389648438,17.75,17.764999389648438,2146.0,FIHL,1m
2024-09-16 19:56:00+00:00,17.799999237060547,17.799999237060547,17.799999237060547,17.75,17.75,13822.0,FIHL,1m
2024-09-16 19:57:00+00:00,17.78499984741211,17.78499984741211,17.799999237060547,17.780000686645508,17.799999237060547,5306.0,FIHL,1m
2024-09-16 19:58:00+00:00,17.795000076293945,17.795000076293945,17.799999237060547,17.780000686645508,17.78499984741211,5120.0,FIHL,1m
2024-09-16 19:59:00+00:00,17.799999237060547,17.799999237060547,17.799999237060547,17.760000228881836,17.790000915527344,12538.0,FIHL,1m
2024-09-17 13:30:00+00:00,17.6299991607666,17.6299991607666,17.6299991607666,17.479999542236328,17.479999542236328,7331.0,FIHL,1m
2024-09-17 13:31:00+00:00,17.829999923706055,17.829999923706055,17.829999923706055,17.829999923706055,17.829999923706055,1572.0,FIHL,1m
2024-09-17 13:34:00+00:00,17.635000228881836,17.635000228881836,17.635000228881836,17.420000076293945,17.56999969482422,1116.0,FIHL,1m
2024-09-17 13:36:00+00:00,17.78230094909668,17.78230094909668,17.78230094909668,17.78230094909668,17.78230094909668,312.0,FIHL,1m
2024-09-17 13:39:00+00:00,17.6200008392334,17.6200008392334,17.6200008392334,17.6200008392334,17.6200008392334,852.0,FIHL,1m
2024-09-17 13:44:00+00:00,17.639999389648438,17.639999389648438,17.639999389648438,17.594999313354492,17.594999313354492,275.0,FIHL,1m
2024-09-17 13:47:00+00:00,17.639999389648438,17.639999389648438,17.639999389648438,17.610000610351562,17.6299991607666,959.0,FIHL,1m
2024-09-17 13:48:00+00:00,17.645000457763672,17.645000457763672,17.645000457763672,17.645000457763672,17.645000457763672,1735.0,FIHL,1m
2024-09-17 13:49:00+00:00,17.610000610351562,17.610000610351562,17.639999389648438,17.610000610351562,17.624000549316406,1840.0,FIHL,1m
2024-09-17 13:50:00+00:00,17.59000015258789,17.59000015258789,17.610000610351562,17.59000015258789,17.610000610351562,341.0,FIHL,1m
2024-09-17 13:52:00+00:00,17.639999389648438,17.639999389648438,17.639999389648438,17.6200008392334,17.6200008392334,2197.0,FIHL,1m
2024-09-17 13:54:00+00:00,17.61039924621582,17.61039924621582,17.61039924621582,17.61039924621582,17.61039924621582,1567.0,FIHL,1m
2024-09-17 13:56:00+00:00,17.639999389648438,17.639999389648438,17.655000686645508,17.639999389648438,17.655000686645508,215.0,FIHL,1m
2024-09-17 14:00:00+00:00,17.68000030517578,17.68000030517578,17.690000534057617,17.649999618530273,17.649999618530273,4524.0,FIHL,1m
2024-09-17 14:01:00+00:00,17.68000030517578,17.68000030517578,17.690000534057617,17.68000030517578,17.690000534057617,670.0,FIHL,1m
2024-09-17 14:02:00+00:00,17.665000915527344,17.665000915527344,17.665000915527344,17.665000915527344,17.665000915527344,144.0,FIHL,1m
2024-09-17 14:03:00+00:00,17.600000381469727,17.600000381469727,17.6299991607666,17.59000015258789,17.6299991607666,5531.0,FIHL,1m
2024-09-17 14:04:00+00:00,17.6299991607666,17.6299991607666,17.6299991607666,17.6299991607666,17.6299991607666,496.0,FIHL,1m
2024-09-17 14:05:00+00:00,17.610000610351562,17.610000610351562,17.610000610351562,17.610000610351562,17.610000610351562,3453.0,FIHL,1m
2024-09-17 14:06:00+00:00,17.6299991607666,17.6299991607666,17.639999389648438,17.6299991607666,17.639999389648438,373.0,FIHL,1m
2024-09-17 14:07:00+00:00,17.635000228881836,17.635000228881836,17.635000228881836,17.6200008392334,17.6200008392334,210.0,FIHL,1m
2024-09-17 14:08:00+00:00,17.6200008392334,17.6200008392334,17.6200008392334,17.6200008392334,17.6200008392334,200.0,FIHL,1m
2024-09-17 14:09:00+00:00,17.68000030517578,17.68000030517578,17.68000030517578,17.649999618530273,17.649999618530273,700.0,FIHL,1m
2024-09-17 14:10:00+00:00,17.68000030517578,17.68000030517578,17.68000030517578,17.68000030517578,17.68000030517578,444.0,FIHL,1m
2024-09-17 14:13:00+00:00,17.700000762939453,17.700000762939453,17.700000762939453,17.69499969482422,17.69499969482422,778.0,FIHL,1m
2024-09-17 14:14:00+00:00,17.700000762939453,17.700000762939453,17.700000762939453,17.68199920654297,17.68199920654297,1009.0,FIHL,1m
2024-09-17 14:15:00+00:00,17.709999084472656,17.709999084472656,17.709999084472656,17.68000030517578,17.700000762939453,2541.0,FIHL,1m
2024-09-17 14:16:00+00:00,17.709999084472656,17.709999084472656,17.709999084472656,17.709999084472656,17.709999084472656,446.0,FIHL,1m
2024-09-17 14:20:00+00:00,17.690000534057617,17.690000534057617,17.700000762939453,17.690000534057617,17.700000762939453,1921.0,FIHL,1m
2024-09-17 14:22:00+00:00,17.719999313354492,17.719999313354492,17.729999542236328,17.709999084472656,17.709999084472656,1361.0,FIHL,1m
2024-09-17 14:23:00+00:00,17.670000076293945,17.670000076293945,17.700000762939453,17.670000076293945,17.700000762939453,724.0,FIHL,1m
2024-09-17 14:24:00+00:00,17.68000030517578,17.68000030517578,17.68000030517578,17.65999984741211,17.65999984741211,936.0,FIHL,1m
2024-09-17 14:25:00+00:00,17.68000030517578,17.68000030517578,17.690000534057617,17.665000915527344,17.690000534057617,798.0,FIHL,1m
2024-09-17 14:26:00+00:00,17.670000076293945,17.670000076293945,17.670000076293945,17.65999984741211,17.65999984741211,415.0,FIHL,1m
2024-09-17 14:28:00+00:00,17.649999618530273,17.649999618530273,17.65999984741211,17.649999618530273,17.65999984741211,414.0,FIHL,1m
2024-09-17 14:30:00+00:00,17.670000076293945,17.670000076293945,17.670000076293945,17.670000076293945,17.670000076293945,1360.0,FIHL,1m
2024-09-17 14:33:00+00:00,17.65999984741211,17.65999984741211,17.65999984741211,17.65999984741211,17.65999984741211,350.0,FIHL,1m
2024-09-17 14:34:00+00:00,17.65999984741211,17.65999984741211,17.65999984741211,17.655000686645508,17.655000686645508,287.0,FIHL,1m
2024-09-17 14:35:00+00:00,17.65999984741211,17.65999984741211,17.670000076293945,17.65999984741211,17.670000076293945,568.0,FIHL,1m
2024-09-17 14:36:00+00:00,17.610000610351562,17.610000610351562,17.649999618530273,17.610000610351562,17.649999618530273,810.0,FIHL,1m
2024-09-17 14:39:00+00:00,17.649999618530273,17.649999618530273,17.649999618530273,17.649999618530273,17.649999618530273,893.0,FIHL,1m
2024-09-17 14:40:00+00:00,17.649999618530273,17.649999618530273,17.649999618530273,17.649999618530273,17.649999618530273,105.0,FIHL,1m
2024-09-17 14:41:00+00:00,17.6200008392334,17.6200008392334,17.639999389648438,17.6200008392334,17.639999389648438,4128.0,FIHL,1m
2024-09-17 14:42:00+00:00,17.610000610351562,17.610000610351562,17.610000610351562,17.56999969482422,17.59000015258789,526.0,FIHL,1m
2024-09-17 14:43:00+00:00,17.602100372314453,17.602100372314453,17.602100372314453,17.602100372314453,17.602100372314453,194.0,FIHL,1m
2024-09-17 14:46:00+00:00,17.600000381469727,17.600000381469727,17.600000381469727,17.600000381469727,17.600000381469727,604.0,FIHL,1m
2024-09-17 14:47:00+00:00,17.59000015258789,17.59000015258789,17.6200008392334,17.59000015258789,17.607999801635742,4630.0,FIHL,1m
2024-09-17 14:50:00+00:00,17.584999084472656,17.584999084472656,17.584999084472656,17.584999084472656,17.584999084472656,113.0,FIHL,1m
2024-09-17 14:51:00+00:00,17.6200008392334,17.6200008392334,17.6200008392334,17.6200008392334,17.6200008392334,2590.0,FIHL,1m
2024-09-17 14:54:00+00:00,17.625,17.625,17.625,17.625,17.625,100.0,FIHL,1m
2024-09-17 14:55:00+00:00,17.625,17.625,17.625,17.625,17.625,287.0,FIHL,1m
2024-09-17 14:58:00+00:00,17.639999389648438,17.639999389648438,17.639999389648438,17.639999389648438,17.639999389648438,1060.0,FIHL,1m
2024-09-17 14:59:00+00:00,17.610000610351562,17.610000610351562,17.6200008392334,17.610000610351562,17.614999771118164,1280.0,FIHL,1m
2024-09-17 15:00:00+00:00,17.6200008392334,17.6200008392334,17.6200008392334,17.610000610351562,17.610000610351562,605.0,FIHL,1m
2024-09-17 15:01:00+00:00,17.6200008392334,17.6200008392334,17.6200008392334,17.6200008392334,17.6200008392334,521.0,FIHL,1m
2024-09-17 15:02:00+00:00,17.6299991607666,17.6299991607666,17.6299991607666,17.6299991607666,17.6299991607666,182.0,FIHL,1m
2024-09-17 15:03:00+00:00,17.6200008392334,17.6200008392334,17.6299991607666,17.6200008392334,17.6299991607666,1126.0,FIHL,1m
2024-09-17 15:05:00+00:00,17.639999389648438,17.639999389648438,17.639999389648438,17.6299991607666,17.6299991607666,614.0,FIHL,1m
2024-09-17 15:06:00+00:00,17.65999984741211,17.65999984741211,17.65999984741211,17.65999984741211,17.65999984741211,341.0,FIHL,1m
2024-09-17 15:08:00+00:00,17.670000076293945,17.670000076293945,17.670000076293945,17.670000076293945,17.670000076293945,411.0,FIHL,1m
2024-09-17 15:12:00+00:00,17.65999984741211,17.65999984741211,17.65999984741211,17.65999984741211,17.65999984741211,510.0,FIHL,1m
2024-09-17 15:13:00+00:00,17.65999984741211,17.65999984741211,17.65999984741211,17.65999984741211,17.65999984741211,884.0,FIHL,1m
2024-09-17 15:18:00+00:00,17.639999389648438,17.639999389648438,17.65999984741211,17.639999389648438,17.65999984741211,1912.0,FIHL,1m
2024-09-17 15:20:00+00:00,17.639999389648438,17.639999389648438,17.639999389648438,17.635000228881836,17.635000228881836,1094.0,FIHL,1m
2024-09-17 15:23:00+00:00,17.639999389648438,17.639999389648438,17.639999389648438,17.639999389648438,17.639999389648438,180.0,FIHL,1m
2024-09-17 15:24:00+00:00,17.632099151611328,17.632099151611328,17.632099151611328,17.632099151611328,17.632099151611328,295.0,FIHL,1m
2024-09-17 15:30:00+00:00,17.6299991607666,17.6299991607666,17.6299991607666,17.6299991607666,17.6299991607666,337.0,FIHL,1m
2024-09-17 15:33:00+00:00,17.6299991607666,17.6299991607666,17.6299991607666,17.6299991607666,17.6299991607666,305.0,FIHL,1m
2024-09-17 15:34:00+00:00,17.639999389648438,17.639999389648438,17.639999389648438,17.639999389648438,17.639999389648438,164.0,FIHL,1m
2024-09-17 15:36:00+00:00,17.6299991607666,17.6299991607666,17.639999389648438,17.6299991607666,17.6299991607666,1218.0,FIHL,1m
2024-09-17 15:40:00+00:00,17.6200008392334,17.6200008392334,17.6200008392334,17.6200008392334,17.6200008392334,200.0,FIHL,1m
2024-09-17 15:42:00+00:00,17.6200008392334,17.6200008392334,17.6200008392334,17.6200008392334,17.6200008392334,141.0,FIHL,1m
2024-09-17 15:45:00+00:00,17.59000015258789,17.59000015258789,17.6200008392334,17.59000015258789,17.6200008392334,769.0,FIHL,1m
2024-09-17 15:46:00+00:00,17.579999923706055,17.579999923706055,17.59000015258789,17.579999923706055,17.59000015258789,692.0,FIHL,1m
2024-09-17 15:47:00+00:00,17.600000381469727,17.600000381469727,17.600000381469727,17.56999969482422,17.56999969482422,1371.0,FIHL,1m
2024-09-17 15:48:00+00:00,17.600000381469727,17.600000381469727,17.600000381469727,17.600000381469727,17.600000381469727,160.0,FIHL,1m
2024-09-17 15:52:00+00:00,17.579999923706055,17.579999923706055,17.579999923706055,17.579999923706055,17.579999923706055,100.0,FIHL,1m
2024-09-17 15:54:00+00:00,17.579999923706055,17.579999923706055,17.579999923706055,17.579999923706055,17.579999923706055,176.0,FIHL,1m
2024-09-17 15:55:00+00:00,17.575000762939453,17.575000762939453,17.575000762939453,17.575000762939453,17.575000762939453,106.0,FIHL,1m
2024-09-17 15:56:00+00:00,17.56999969482422,17.56999969482422,17.56999969482422,17.56999969482422,17.56999969482422,416.0,FIHL,1m
2024-09-17 15:58:00+00:00,17.559999465942383,17.559999465942383,17.559999465942383,17.559999465942383,17.559999465942383,238.0,FIHL,1m
2024-09-17 15:59:00+00:00,17.540000915527344,17.540000915527344,17.549999237060547,17.540000915527344,17.549999237060547,1061.0,FIHL,1m
2024-09-17 16:06:00+00:00,17.540000915527344,17.540000915527344,17.540000915527344,17.540000915527344,17.540000915527344,288.0,FIHL,1m
2024-09-17 16:07:00+00:00,17.559999465942383,17.559999465942383,17.559999465942383,17.559999465942383,17.559999465942383,657.0,FIHL,1m
2024-09-17 16:09:00+00:00,17.559999465942383,17.559999465942383,17.559999465942383,17.559999465942383,17.559999465942383,564.0,FIHL,1m
2024-09-17 16:10:00+00:00,17.559999465942383,17.559999465942383,17.559999465942383,17.559999465942383,17.559999465942383,150.0,FIHL,1m
2024-09-17 16:12:00+00:00,17.549999237060547,17.549999237060547,17.549999237060547,17.549999237060547,17.549999237060547,125.0,FIHL,1m
2024-09-17 16:16:00+00:00,17.549999237060547,17.549999237060547,17.549999237060547,17.549999237060547,17.549999237060547,169.0,FIHL,1m
2024-09-17 16:17:00+00:00,17.55500030517578,17.55500030517578,17.55500030517578,17.55500030517578,17.55500030517578,110.0,FIHL,1m
2024-09-17 16:18:00+00:00,17.540000915527344,17.540000915527344,17.549999237060547,17.540000915527344,17.549999237060547,1601.0,FIHL,1m
2024-09-17 16:19:00+00:00,17.540000915527344,17.540000915527344,17.540000915527344,17.540000915527344,17.540000915527344,803.0,FIHL,1m
2024-09-17 16:20:00+00:00,17.510000228881836,17.510000228881836,17.530000686645508,17.510000228881836,17.530000686645508,997.0,FIHL,1m
2024-09-17 16:21:00+00:00,17.520000457763672,17.520000457763672,17.520000457763672,17.520000457763672,17.520000457763672,382.0,FIHL,1m
2024-09-17 16:23:00+00:00,17.479999542236328,17.479999542236328,17.500099182128906,17.479999542236328,17.500099182128906,1748.0,FIHL,1m
2024-09-17 16:25:00+00:00,17.5,17.5,17.5,17.5,17.5,234.0,FIHL,1m
2024-09-17 16:26:00+00:00,17.479999542236328,17.479999542236328,17.485000610351562,17.479999542236328,17.485000610351562,525.0,FIHL,1m
2024-09-17 16:29:00+00:00,17.469999313354492,17.469999313354492,17.469999313354492,17.469999313354492,17.469999313354492,200.0,FIHL,1m
2024-09-17 16:30:00+00:00,17.469999313354492,17.469999313354492,17.479999542236328,17.469999313354492,17.479999542236328,634.0,FIHL,1m
2024-09-17 16:31:00+00:00,17.489999771118164,17.489999771118164,17.489999771118164,17.489999771118164,17.489999771118164,270.0,FIHL,1m
2024-09-17 16:34:00+00:00,17.5,17.5,17.5,17.5,17.5,511.0,FIHL,1m
2024-09-17 16:36:00+00:00,17.489999771118164,17.489999771118164,17.489999771118164,17.489999771118164,17.489999771118164,121.0,FIHL,1m
2024-09-17 16:38:00+00:00,17.489999771118164,17.489999771118164,17.4950008392334,17.479999542236328,17.4950008392334,552.0,FIHL,1m
2024-09-17 16:39:00+00:00,17.5,17.5,17.5,17.5,17.5,321.0,FIHL,1m
2024-09-17 16:40:00+00:00,17.489999771118164,17.489999771118164,17.489999771118164,17.489999771118164,17.489999771118164,146.0,FIHL,1m
2024-09-17 16:43:00+00:00,17.479999542236328,17.479999542236328,17.489999771118164,17.479999542236328,17.489999771118164,544.0,FIHL,1m
2024-09-17 16:46:00+00:00,17.485000610351562,17.485000610351562,17.485000610351562,17.479999542236328,17.479999542236328,470.0,FIHL,1m
2024-09-17 16:47:00+00:00,17.5,17.5,17.5,17.479999542236328,17.485000610351562,938.0,FIHL,1m
2024-09-17 16:49:00+00:00,17.479999542236328,17.479999542236328,17.489999771118164,17.479999542236328,17.489999771118164,412.0,FIHL,1m
2024-09-17 16:50:00+00:00,17.479999542236328,17.479999542236328,17.479999542236328,17.479999542236328,17.479999542236328,180.0,FIHL,1m
2024-09-17 16:51:00+00:00,17.47010040283203,17.47010040283203,17.479999542236328,17.47010040283203,17.479999542236328,767.0,FIHL,1m
2024-09-17 16:54:00+00:00,17.479999542236328,17.479999542236328,17.479999542236328,17.479999542236328,17.479999542236328,227.0,FIHL,1m
2024-09-17 16:55:00+00:00,17.469999313354492,17.469999313354492,17.469999313354492,17.469999313354492,17.469999313354492,246.0,FIHL,1m
2024-09-17 16:57:00+00:00,17.485000610351562,17.485000610351562,17.485000610351562,17.485000610351562,17.485000610351562,235.0,FIHL,1m
2024-09-17 16:58:00+00:00,17.475000381469727,17.475000381469727,17.475000381469727,17.475000381469727,17.475000381469727,160.0,FIHL,1m
2024-09-17 16:59:00+00:00,17.459999084472656,17.459999084472656,17.469999313354492,17.459999084472656,17.469999313354492,814.0,FIHL,1m
2024-09-17 17:00:00+00:00,17.479999542236328,17.479999542236328,17.479999542236328,17.479999542236328,17.479999542236328,269.0,FIHL,1m
2024-09-17 17:04:00+00:00,17.482200622558594,17.482200622558594,17.482200622558594,17.482200622558594,17.482200622558594,1000.0,FIHL,1m
2024-09-17 17:08:00+00:00,17.485000610351562,17.485000610351562,17.485000610351562,17.485000610351562,17.485000610351562,121.0,FIHL,1m
2024-09-17 17:09:00+00:00,17.485000610351562,17.485000610351562,17.485000610351562,17.485000610351562,17.485000610351562,316.0,FIHL,1m
2024-09-17 17:11:00+00:00,17.450000762939453,17.450000762939453,17.479999542236328,17.450000762939453,17.479999542236328,1130.0,FIHL,1m
2024-09-17 17:12:00+00:00,17.43000030517578,17.43000030517578,17.440000534057617,17.43000030517578,17.440000534057617,520.0,FIHL,1m
2024-09-17 17:17:00+00:00,17.469999313354492,17.469999313354492,17.469999313354492,17.44499969482422,17.44499969482422,1347.0,FIHL,1m
2024-09-17 17:18:00+00:00,17.479700088500977,17.479700088500977,17.479700088500977,17.475000381469727,17.475000381469727,300.0,FIHL,1m
2024-09-17 17:19:00+00:00,17.479999542236328,17.479999542236328,17.479999542236328,17.479999542236328,17.479999542236328,354.0,FIHL,1m
2024-09-17 17:20:00+00:00,17.500099182128906,17.500099182128906,17.500099182128906,17.5,17.5,358.0,FIHL,1m
2024-09-17 17:21:00+00:00,17.5,17.5,17.5,17.5,17.5,206.0,FIHL,1m
2024-09-17 17:22:00+00:00,17.5,17.5,17.5,17.5,17.5,167.0,FIHL,1m
2024-09-17 17:23:00+00:00,17.489999771118164,17.489999771118164,17.489999771118164,17.489999771118164,17.489999771118164,110.0,FIHL,1m
2024-09-17 17:25:00+00:00,17.485000610351562,17.485000610351562,17.489999771118164,17.485000610351562,17.489999771118164,1399.0,FIHL,1m
2024-09-17 17:26:00+00:00,17.489999771118164,17.489999771118164,17.489999771118164,17.489999771118164,17.489999771118164,456.0,FIHL,1m
2024-09-17 17:30:00+00:00,17.489999771118164,17.489999771118164,17.489999771118164,17.489999771118164,17.489999771118164,524.0,FIHL,1m
2024-09-17 17:33:00+00:00,17.479999542236328,17.479999542236328,17.479999542236328,17.479999542236328,17.479999542236328,257.0,FIHL,1m
2024-09-17 17:34:00+00:00,17.469999313354492,17.469999313354492,17.479999542236328,17.469999313354492,17.479999542236328,1525.0,FIHL,1m
2024-09-17 17:35:00+00:00,17.469999313354492,17.469999313354492,17.469999313354492,17.469999313354492,17.469999313354492,190.0,FIHL,1m
2024-09-17 17:36:00+00:00,17.469999313354492,17.469999313354492,17.469999313354492,17.469999313354492,17.469999313354492,293.0,FIHL,1m
2024-09-17 17:38:00+00:00,17.469999313354492,17.469999313354492,17.469999313354492,17.469999313354492,17.469999313354492,166.0,FIHL,1m
2024-09-17 17:40:00+00:00,17.469999313354492,17.469999313354492,17.469999313354492,17.469999313354492,17.469999313354492,266.0,FIHL,1m
2024-09-17 17:42:00+00:00,17.469999313354492,17.469999313354492,17.469999313354492,17.459999084472656,17.459999084472656,324.0,FIHL,1m
2024-09-17 17:43:00+00:00,17.469999313354492,17.469999313354492,17.469999313354492,17.469999313354492,17.469999313354492,380.0,FIHL,1m
2024-09-17 17:44:00+00:00,17.469999313354492,17.469999313354492,17.469999313354492,17.469999313354492,17.469999313354492,271.0,FIHL,1m
2024-09-17 17:45:00+00:00,17.469999313354492,17.469999313354492,17.469999313354492,17.46500015258789,17.469999313354492,1016.0,FIHL,1m
2024-09-17 17:46:00+00:00,17.475000381469727,17.475000381469727,17.475000381469727,17.475000381469727,17.475000381469727,499.0,FIHL,1m
2024-09-17 17:48:00+00:00,17.489999771118164,17.489999771118164,17.489999771118164,17.479999542236328,17.479999542236328,1058.0,FIHL,1m
2024-09-17 17:50:00+00:00,17.520000457763672,17.520000457763672,17.520000457763672,17.520000457763672,17.520000457763672,430.0,FIHL,1m
2024-09-17 17:51:00+00:00,17.510000228881836,17.510000228881836,17.520000457763672,17.510000228881836,17.520000457763672,880.0,FIHL,1m
2024-09-17 17:57:00+00:00,17.5,17.5,17.5,17.5,17.5,396.0,FIHL,1m
2024-09-17 17:59:00+00:00,17.5,17.5,17.5,17.5,17.5,100.0,FIHL,1m
2024-09-17 18:00:00+00:00,17.489999771118164,17.489999771118164,17.489999771118164,17.489999771118164,17.489999771118164,1115.0,FIHL,1m
2024-09-17 18:02:00+00:00,17.5,17.5,17.5,17.5,17.5,373.0,FIHL,1m
2024-09-17 18:03:00+00:00,17.510000228881836,17.510000228881836,17.510000228881836,17.510000228881836,17.510000228881836,337.0,FIHL,1m
2024-09-17 18:10:00+00:00,17.5,17.5,17.5,17.5,17.5,115.0,FIHL,1m
2024-09-17 18:11:00+00:00,17.510000228881836,17.510000228881836,17.510000228881836,17.5,17.5,1258.0,FIHL,1m
2024-09-17 18:14:00+00:00,17.510000228881836,17.510000228881836,17.520000457763672,17.510000228881836,17.520000457763672,1410.0,FIHL,1m
2024-09-17 18:15:00+00:00,17.520000457763672,17.520000457763672,17.520000457763672,17.520000457763672,17.520000457763672,504.0,FIHL,1m
2024-09-17 18:18:00+00:00,17.520000457763672,17.520000457763672,17.520000457763672,17.520000457763672,17.520000457763672,398.0,FIHL,1m
2024-09-17 18:21:00+00:00,17.520000457763672,17.520000457763672,17.520000457763672,17.520000457763672,17.520000457763672,132.0,FIHL,1m
2024-09-17 18:22:00+00:00,17.520000457763672,17.520000457763672,17.520000457763672,17.520000457763672,17.520000457763672,442.0,FIHL,1m
2024-09-17 18:25:00+00:00,17.514999389648438,17.514999389648438,17.514999389648438,17.510000228881836,17.514999389648438,346.0,FIHL,1m
2024-09-17 18:26:00+00:00,17.510000228881836,17.510000228881836,17.510000228881836,17.510000228881836,17.510000228881836,131.0,FIHL,1m
2024-09-17 18:28:00+00:00,17.514999389648438,17.514999389648438,17.514999389648438,17.514999389648438,17.514999389648438,1615.0,FIHL,1m
2024-09-17 18:30:00+00:00,17.514999389648438,17.514999389648438,17.514999389648438,17.510000228881836,17.510000228881836,786.0,FIHL,1m
2024-09-17 18:32:00+00:00,17.520000457763672,17.520000457763672,17.520000457763672,17.510000228881836,17.510000228881836,1019.0,FIHL,1m
2024-09-17 18:33:00+00:00,17.540000915527344,17.540000915527344,17.540000915527344,17.530000686645508,17.530000686645508,1165.0,FIHL,1m
2024-09-17 18:40:00+00:00,17.549999237060547,17.549999237060547,17.549999237060547,17.53499984741211,17.53499984741211,1216.0,FIHL,1m
2024-09-17 18:42:00+00:00,17.549999237060547,17.549999237060547,17.549999237060547,17.549999237060547,17.549999237060547,785.0,FIHL,1m
2024-09-17 18:48:00+00:00,17.540000915527344,17.540000915527344,17.540000915527344,17.540000915527344,17.540000915527344,1207.0,FIHL,1m
2024-09-17 18:49:00+00:00,17.545000076293945,17.545000076293945,17.545000076293945,17.53499984741211,17.53499984741211,1250.0,FIHL,1m
2024-09-17 18:50:00+00:00,17.545000076293945,17.545000076293945,17.545000076293945,17.545000076293945,17.545000076293945,619.0,FIHL,1m
2024-09-17 18:54:00+00:00,17.549999237060547,17.549999237060547,17.549999237060547,17.549999237060547,17.549999237060547,782.0,FIHL,1m
2024-09-17 18:55:00+00:00,17.559999465942383,17.559999465942383,17.56999969482422,17.559999465942383,17.56999969482422,989.0,FIHL,1m
2024-09-17 18:57:00+00:00,17.56999969482422,17.56999969482422,17.56999969482422,17.56999969482422,17.56999969482422,410.0,FIHL,1m
2024-09-17 18:58:00+00:00,17.559999465942383,17.559999465942383,17.565000534057617,17.559999465942383,17.565000534057617,238.0,FIHL,1m
2024-09-17 18:59:00+00:00,17.559999465942383,17.559999465942383,17.559999465942383,17.559999465942383,17.559999465942383,637.0,FIHL,1m
2024-09-17 19:01:00+00:00,17.55500030517578,17.55500030517578,17.55500030517578,17.55500030517578,17.55500030517578,130.0,FIHL,1m
2024-09-17 19:03:00+00:00,17.549999237060547,17.549999237060547,17.549999237060547,17.549999237060547,17.549999237060547,782.0,FIHL,1m
2024-09-17 19:04:00+00:00,17.530000686645508,17.530000686645508,17.530000686645508,17.530000686645508,17.530000686645508,542.0,FIHL,1m
2024-09-17 19:06:00+00:00,17.530000686645508,17.530000686645508,17.530000686645508,17.524999618530273,17.524999618530273,558.0,FIHL,1m
2024-09-17 19:08:00+00:00,17.53499984741211,17.53499984741211,17.53499984741211,17.53499984741211,17.53499984741211,151.0,FIHL,1m
2024-09-17 19:09:00+00:00,17.56999969482422,17.56999969482422,17.56999969482422,17.540000915527344,17.540000915527344,1762.0,FIHL,1m
2024-09-17 19:10:00+00:00,17.549999237060547,17.549999237060547,17.549999237060547,17.549999237060547,17.549999237060547,574.0,FIHL,1m
2024-09-17 19:12:00+00:00,17.545000076293945,17.545000076293945,17.545000076293945,17.545000076293945,17.545000076293945,110.0,FIHL,1m
2024-09-17 19:13:00+00:00,17.549999237060547,17.549999237060547,17.549999237060547,17.543500900268555,17.545000076293945,1334.0,FIHL,1m
2024-09-17 19:14:00+00:00,17.56999969482422,17.56999969482422,17.56999969482422,17.559799194335938,17.559999465942383,2084.0,FIHL,1m
2024-09-17 19:15:00+00:00,17.579999923706055,17.579999923706055,17.579999923706055,17.579999923706055,17.579999923706055,398.0,FIHL,1m
2024-09-17 19:16:00+00:00,17.56999969482422,17.56999969482422,17.56999969482422,17.56999969482422,17.56999969482422,582.0,FIHL,1m
2024-09-17 19:17:00+00:00,17.56999969482422,17.56999969482422,17.56999969482422,17.56999969482422,17.56999969482422,427.0,FIHL,1m
2024-09-17 19:18:00+00:00,17.559999465942383,17.559999465942383,17.559999465942383,17.559999465942383,17.559999465942383,527.0,FIHL,1m
2024-09-17 19:19:00+00:00,17.559999465942383,17.559999465942383,17.559999465942383,17.559999465942383,17.559999465942383,363.0,FIHL,1m
2024-09-17 19:21:00+00:00,17.549999237060547,17.549999237060547,17.549999237060547,17.549999237060547,17.549999237060547,233.0,FIHL,1m
2024-09-17 19:22:00+00:00,17.584999084472656,17.584999084472656,17.584999084472656,17.559999465942383,17.559999465942383,2055.0,FIHL,1m
2024-09-17 19:23:00+00:00,17.579999923706055,17.579999923706055,17.579999923706055,17.579999923706055,17.579999923706055,212.0,FIHL,1m
2024-09-17 19:24:00+00:00,17.579999923706055,17.579999923706055,17.579999923706055,17.579999923706055,17.579999923706055,433.0,FIHL,1m
2024-09-17 19:27:00+00:00,17.600000381469727,17.600000381469727,17.600000381469727,17.59000015258789,17.59000015258789,1479.0,FIHL,1m
2024-09-17 19:29:00+00:00,17.604999542236328,17.604999542236328,17.604999542236328,17.604999542236328,17.604999542236328,2103.0,FIHL,1m
2024-09-17 19:30:00+00:00,17.600000381469727,17.600000381469727,17.600000381469727,17.600000381469727,17.600000381469727,1030.0,FIHL,1m
2024-09-17 19:31:00+00:00,17.594999313354492,17.594999313354492,17.594999313354492,17.594999313354492,17.594999313354492,468.0,FIHL,1m
2024-09-17 19:32:00+00:00,17.59000015258789,17.59000015258789,17.59000015258789,17.59000015258789,17.59000015258789,829.0,FIHL,1m
2024-09-17 19:33:00+00:00,17.584999084472656,17.584999084472656,17.584999084472656,17.584999084472656,17.584999084472656,453.0,FIHL,1m
2024-09-17 19:34:00+00:00,17.584999084472656,17.584999084472656,17.584999084472656,17.584999084472656,17.584999084472656,697.0,FIHL,1m
2024-09-17 19:35:00+00:00,17.600000381469727,17.600000381469727,17.600000381469727,17.56999969482422,17.584999084472656,13846.0,FIHL,1m
2024-09-17 19:36:00+00:00,17.604999542236328,17.604999542236328,17.604999542236328,17.600500106811523,17.600500106811523,648.0,FIHL,1m
2024-09-17 19:37:00+00:00,17.6299991607666,17.6299991607666,17.6299991607666,17.604999542236328,17.604999542236328,1798.0,FIHL,1m
2024-09-17 19:39:00+00:00,17.600000381469727,17.600000381469727,17.6299991607666,17.59000015258789,17.6299991607666,5850.0,FIHL,1m
2024-09-17 19:40:00+00:00,17.6200008392334,17.6200008392334,17.6299991607666,17.604999542236328,17.604999542236328,1837.0,FIHL,1m
2024-09-17 19:41:00+00:00,17.614999771118164,17.614999771118164,17.614999771118164,17.614999771118164,17.614999771118164,887.0,FIHL,1m
2024-09-17 19:42:00+00:00,17.614999771118164,17.614999771118164,17.614999771118164,17.614999771118164,17.614999771118164,216.0,FIHL,1m
2024-09-17 19:43:00+00:00,17.6200008392334,17.6200008392334,17.6200008392334,17.6200008392334,17.6200008392334,2129.0,FIHL,1m
2024-09-17 19:44:00+00:00,17.6200008392334,17.6200008392334,17.6200008392334,17.6200008392334,17.6200008392334,1151.0,FIHL,1m
2024-09-17 19:45:00+00:00,17.6200008392334,17.6200008392334,17.6299991607666,17.6200008392334,17.6299991607666,1300.0,FIHL,1m
2024-09-17 19:46:00+00:00,17.625,17.625,17.625,17.6200008392334,17.6200008392334,1614.0,FIHL,1m
2024-09-17 19:47:00+00:00,17.6299991607666,17.6299991607666,17.6299991607666,17.6200008392334,17.625,1589.0,FIHL,1m
2024-09-17 19:48:00+00:00,17.6299991607666,17.6299991607666,17.6299991607666,17.625,17.625,1399.0,FIHL,1m
2024-09-17 19:49:00+00:00,17.645000457763672,17.645000457763672,17.645000457763672,17.645000457763672,17.645000457763672,984.0,FIHL,1m
2024-09-17 19:50:00+00:00,17.645000457763672,17.645000457763672,17.645000457763672,17.640199661254883,17.645000457763672,3475.0,FIHL,1m
2024-09-17 19:51:00+00:00,17.5,17.5,17.645000457763672,17.5,17.645000457763672,24460.0,FIHL,1m
2024-09-17 19:52:00+00:00,17.530000686645508,17.530000686645508,17.530000686645508,17.489999771118164,17.5,11020.0,FIHL,1m
2024-09-17 19:53:00+00:00,17.530000686645508,17.530000686645508,17.540000915527344,17.524999618530273,17.530000686645508,7780.0,FIHL,1m
2024-09-17 19:54:00+00:00,17.559999465942383,17.559999465942383,17.559999465942383,17.530000686645508,17.530000686645508,8355.0,FIHL,1m
2024-09-17 19:55:00+00:00,17.600000381469727,17.600000381469727,17.610000610351562,17.559999465942383,17.559999465942383,15066.0,FIHL,1m
2024-09-17 19:56:00+00:00,17.649999618530273,17.649999618530273,17.649999618530273,17.600000381469727,17.600000381469727,13089.0,FIHL,1m
2024-09-17 19:57:00+00:00,17.656200408935547,17.656200408935547,17.65999984741211,17.639999389648438,17.649999618530273,15052.0,FIHL,1m
2024-09-17 19:58:00+00:00,17.65999984741211,17.65999984741211,17.665000915527344,17.645000457763672,17.655000686645508,12646.0,FIHL,1m
2024-09-17 19:59:00+00:00,17.709999084472656,17.709999084472656,17.709999084472656,17.649999618530273,17.665000915527344,38960.0,FIHL,1m
2024-09-18 13:30:00+00:00,17.700000762939453,17.700000762939453,17.700000762939453,17.700000762939453,17.700000762939453,5854.0,FIHL,1m
2024-09-18 13:32:00+00:00,17.739999771118164,17.739999771118164,17.739999771118164,17.739999771118164,17.739999771118164,213.0,FIHL,1m
2024-09-18 13:34:00+00:00,17.829999923706055,17.829999923706055,17.829999923706055,17.799999237060547,17.809999465942383,612.0,FIHL,1m
2024-09-18 13:35:00+00:00,17.860000610351562,17.860000610351562,17.860000610351562,17.84000015258789,17.84000015258789,485.0,FIHL,1m
2024-09-18 13:45:00+00:00,17.84000015258789,17.84000015258789,17.84000015258789,17.84000015258789,17.84000015258789,3212.0,FIHL,1m
2024-09-18 13:47:00+00:00,17.829999923706055,17.829999923706055,17.829999923706055,17.829999923706055,17.829999923706055,428.0,FIHL,1m
2024-09-18 13:48:00+00:00,17.764999389648438,17.764999389648438,17.809999465942383,17.764999389648438,17.809999465942383,2008.0,FIHL,1m
2024-09-18 13:51:00+00:00,17.760000228881836,17.760000228881836,17.780000686645508,17.75,17.75,1637.0,FIHL,1m
2024-09-18 13:53:00+00:00,17.719999313354492,17.719999313354492,17.739999771118164,17.719999313354492,17.739999771118164,547.0,FIHL,1m
2024-09-18 13:55:00+00:00,17.700199127197266,17.700199127197266,17.700199127197266,17.700199127197266,17.700199127197266,122.0,FIHL,1m
2024-09-18 13:56:00+00:00,17.709999084472656,17.709999084472656,17.709999084472656,17.709999084472656,17.709999084472656,444.0,FIHL,1m
2024-09-18 14:00:00+00:00,17.709999084472656,17.709999084472656,17.709999084472656,17.68000030517578,17.700000762939453,1293.0,FIHL,1m
2024-09-18 14:03:00+00:00,17.760000228881836,17.760000228881836,17.760000228881836,17.760000228881836,17.760000228881836,104.0,FIHL,1m
2024-09-18 14:07:00+00:00,17.770000457763672,17.770000457763672,17.770000457763672,17.770000457763672,17.770000457763672,102.0,FIHL,1m
2024-09-18 14:09:00+00:00,17.774999618530273,17.774999618530273,17.780000686645508,17.774999618530273,17.780000686645508,852.0,FIHL,1m
2024-09-18 14:10:00+00:00,17.760000228881836,17.760000228881836,17.760000228881836,17.760000228881836,17.760000228881836,200.0,FIHL,1m
2024-09-18 14:11:00+00:00,17.760000228881836,17.760000228881836,17.764999389648438,17.760000228881836,17.764999389648438,829.0,FIHL,1m
2024-09-18 14:12:00+00:00,17.799999237060547,17.799999237060547,17.799999237060547,17.770000457763672,17.770000457763672,3503.0,FIHL,1m
2024-09-18 14:13:00+00:00,17.75,17.75,17.75,17.75,17.75,282.0,FIHL,1m
2024-09-18 14:14:00+00:00,17.760000228881836,17.760000228881836,17.760000228881836,17.75,17.75,469.0,FIHL,1m
2024-09-18 14:18:00+00:00,17.75,17.75,17.75,17.75,17.75,1819.0,FIHL,1m
2024-09-18 14:26:00+00:00,17.729999542236328,17.729999542236328,17.7450008392334,17.729999542236328,17.7450008392334,931.0,FIHL,1m
2024-09-18 14:27:00+00:00,17.75,17.75,17.75,17.7450008392334,17.7450008392334,659.0,FIHL,1m
2024-09-18 14:28:00+00:00,17.729999542236328,17.729999542236328,17.75,17.729999542236328,17.75,313.0,FIHL,1m
2024-09-18 14:29:00+00:00,17.709999084472656,17.709999084472656,17.739999771118164,17.709999084472656,17.739999771118164,982.0,FIHL,1m
2024-09-18 14:31:00+00:00,17.68600082397461,17.68600082397461,17.690000534057617,17.68600082397461,17.690000534057617,437.0,FIHL,1m
2024-09-18 14:33:00+00:00,17.690000534057617,17.690000534057617,17.690000534057617,17.65999984741211,17.665000915527344,1201.0,FIHL,1m
2024-09-18 14:35:00+00:00,17.709999084472656,17.709999084472656,17.709999084472656,17.700000762939453,17.700000762939453,1178.0,FIHL,1m
2024-09-18 14:44:00+00:00,17.709999084472656,17.709999084472656,17.709999084472656,17.709999084472656,17.709999084472656,684.0,FIHL,1m
2024-09-18 14:46:00+00:00,17.709999084472656,17.709999084472656,17.709999084472656,17.709999084472656,17.709999084472656,1022.0,FIHL,1m
2024-09-18 14:48:00+00:00,17.719999313354492,17.719999313354492,17.719999313354492,17.719999313354492,17.719999313354492,451.0,FIHL,1m
2024-09-18 14:49:00+00:00,17.71769905090332,17.71769905090332,17.71769905090332,17.71769905090332,17.71769905090332,1524.0,FIHL,1m
2024-09-18 14:52:00+00:00,17.710100173950195,17.710100173950195,17.710100173950195,17.710100173950195,17.710100173950195,121.0,FIHL,1m
2024-09-18 14:53:00+00:00,17.719999313354492,17.719999313354492,17.719999313354492,17.719999313354492,17.719999313354492,432.0,FIHL,1m
2024-09-18 14:54:00+00:00,17.729999542236328,17.729999542236328,17.729999542236328,17.729999542236328,17.729999542236328,366.0,FIHL,1m
2024-09-18 14:57:00+00:00,17.729999542236328,17.729999542236328,17.729999542236328,17.729999542236328,17.729999542236328,334.0,FIHL,1m
2024-09-18 15:00:00+00:00,17.739999771118164,17.739999771118164,17.739999771118164,17.739999771118164,17.739999771118164,301.0,FIHL,1m
2024-09-18 15:01:00+00:00,17.764999389648438,17.764999389648438,17.764999389648438,17.764999389648438,17.764999389648438,297.0,FIHL,1m
2024-09-18 15:06:00+00:00,17.7549991607666,17.7549991607666,17.7549991607666,17.75,17.7549991607666,3551.0,FIHL,1m
2024-09-18 15:07:00+00:00,17.7450008392334,17.7450008392334,17.7549991607666,17.7450008392334,17.75,1184.0,FIHL,1m
2024-09-18 15:08:00+00:00,17.760000228881836,17.760000228881836,17.760000228881836,17.75,17.75,1057.0,FIHL,1m
2024-09-18 15:09:00+00:00,17.770000457763672,17.770000457763672,17.770000457763672,17.760000228881836,17.760000228881836,269.0,FIHL,1m
2024-09-18 15:11:00+00:00,17.770000457763672,17.770000457763672,17.780000686645508,17.75,17.7549991607666,4096.0,FIHL,1m
2024-09-18 15:15:00+00:00,17.790000915527344,17.790000915527344,17.795000076293945,17.790000915527344,17.790000915527344,1385.0,FIHL,1m
2024-09-18 15:16:00+00:00,17.790000915527344,17.790000915527344,17.790000915527344,17.790000915527344,17.790000915527344,270.0,FIHL,1m
2024-09-18 15:17:00+00:00,17.780099868774414,17.780099868774414,17.780099868774414,17.780099868774414,17.780099868774414,206.0,FIHL,1m
2024-09-18 15:18:00+00:00,17.799999237060547,17.799999237060547,17.799999237060547,17.799999237060547,17.799999237060547,371.0,FIHL,1m
2024-09-18 15:22:00+00:00,17.84000015258789,17.84000015258789,17.84000015258789,17.804100036621094,17.804100036621094,862.0,FIHL,1m
2024-09-18 15:24:00+00:00,17.844999313354492,17.844999313354492,17.844999313354492,17.844999313354492,17.844999313354492,304.0,FIHL,1m
2024-09-18 15:30:00+00:00,17.84000015258789,17.84000015258789,17.84000015258789,17.84000015258789,17.84000015258789,368.0,FIHL,1m
2024-09-18 15:31:00+00:00,17.873899459838867,17.873899459838867,17.873899459838867,17.850000381469727,17.850000381469727,768.0,FIHL,1m
2024-09-18 15:34:00+00:00,17.8700008392334,17.8700008392334,17.8700008392334,17.8700008392334,17.8700008392334,180.0,FIHL,1m
2024-09-18 15:35:00+00:00,17.875,17.875,17.875,17.875,17.875,346.0,FIHL,1m
2024-09-18 15:41:00+00:00,17.8799991607666,17.8799991607666,17.8799991607666,17.8799991607666,17.8799991607666,966.0,FIHL,1m
2024-09-18 15:42:00+00:00,17.8700008392334,17.8700008392334,17.8700008392334,17.8700008392334,17.8700008392334,549.0,FIHL,1m
2024-09-18 15:46:00+00:00,17.8700008392334,17.8700008392334,17.8700008392334,17.854999542236328,17.860000610351562,1347.0,FIHL,1m
2024-09-18 15:50:00+00:00,17.8799991607666,17.8799991607666,17.8799991607666,17.8799991607666,17.8799991607666,2563.0,FIHL,1m
2024-09-18 15:51:00+00:00,17.8799991607666,17.8799991607666,17.8799991607666,17.8799991607666,17.8799991607666,462.0,FIHL,1m
2024-09-18 15:59:00+00:00,17.8700008392334,17.8700008392334,17.8700008392334,17.8700008392334,17.8700008392334,336.0,FIHL,1m
2024-09-18 16:02:00+00:00,17.850000381469727,17.850000381469727,17.850000381469727,17.850000381469727,17.850000381469727,506.0,FIHL,1m
2024-09-18 16:07:00+00:00,17.850000381469727,17.850000381469727,17.850000381469727,17.850000381469727,17.850000381469727,303.0,FIHL,1m
2024-09-18 16:08:00+00:00,17.844999313354492,17.844999313354492,17.844999313354492,17.844999313354492,17.844999313354492,143.0,FIHL,1m
2024-09-18 16:09:00+00:00,17.850000381469727,17.850000381469727,17.850000381469727,17.850000381469727,17.850000381469727,235.0,FIHL,1m
2024-09-18 16:10:00+00:00,17.850000381469727,17.850000381469727,17.860000610351562,17.850000381469727,17.860000610351562,649.0,FIHL,1m
2024-09-18 16:11:00+00:00,17.829999923706055,17.829999923706055,17.840200424194336,17.829999923706055,17.840200424194336,750.0,FIHL,1m
2024-09-18 16:13:00+00:00,17.81999969482422,17.81999969482422,17.81999969482422,17.81999969482422,17.81999969482422,260.0,FIHL,1m
2024-09-18 16:20:00+00:00,17.780000686645508,17.780000686645508,17.780000686645508,17.780000686645508,17.780000686645508,342.0,FIHL,1m
2024-09-18 16:27:00+00:00,17.760000228881836,17.760000228881836,17.760000228881836,17.760000228881836,17.760000228881836,439.0,FIHL,1m
2024-09-18 16:30:00+00:00,17.75,17.75,17.75,17.75,17.75,302.0,FIHL,1m
2024-09-18 16:31:00+00:00,17.7549991607666,17.7549991607666,17.7549991607666,17.7549991607666,17.7549991607666,102.0,FIHL,1m
2024-09-18 16:32:00+00:00,17.799999237060547,17.799999237060547,17.799999237060547,17.760000228881836,17.760000228881836,2323.0,FIHL,1m
2024-09-18 16:33:00+00:00,17.81999969482422,17.81999969482422,17.81999969482422,17.81999969482422,17.81999969482422,251.0,FIHL,1m
2024-09-18 16:36:00+00:00,17.81999969482422,17.81999969482422,17.81999969482422,17.81999969482422,17.81999969482422,423.0,FIHL,1m
2024-09-18 16:38:00+00:00,17.809999465942383,17.809999465942383,17.809999465942383,17.809999465942383,17.809999465942383,1075.0,FIHL,1m
2024-09-18 16:46:00+00:00,17.809999465942383,17.809999465942383,17.809999465942383,17.799999237060547,17.799999237060547,817.0,FIHL,1m
2024-09-18 16:52:00+00:00,17.809999465942383,17.809999465942383,17.809999465942383,17.809999465942383,17.809999465942383,106.0,FIHL,1m
2024-09-18 16:53:00+00:00,17.808000564575195,17.808000564575195,17.808000564575195,17.808000564575195,17.808000564575195,243.0,FIHL,1m
2024-09-18 16:54:00+00:00,17.809999465942383,17.809999465942383,17.809999465942383,17.809999465942383,17.809999465942383,1319.0,FIHL,1m
2024-09-18 16:57:00+00:00,17.790000915527344,17.790000915527344,17.790000915527344,17.790000915527344,17.790000915527344,297.0,FIHL,1m
2024-09-18 16:59:00+00:00,17.774999618530273,17.774999618530273,17.81999969482422,17.774999618530273,17.799999237060547,14929.0,FIHL,1m
2024-09-18 17:00:00+00:00,17.729999542236328,17.729999542236328,17.770000457763672,17.719999313354492,17.770000457763672,787.0,FIHL,1m
2024-09-18 17:01:00+00:00,17.735000610351562,17.735000610351562,17.735000610351562,17.735000610351562,17.735000610351562,100.0,FIHL,1m
2024-09-18 17:02:00+00:00,17.735000610351562,17.735000610351562,17.735000610351562,17.735000610351562,17.735000610351562,124.0,FIHL,1m
2024-09-18 17:03:00+00:00,17.75,17.75,17.75,17.739999771118164,17.739999771118164,595.0,FIHL,1m
2024-09-18 17:04:00+00:00,17.770000457763672,17.770000457763672,17.770000457763672,17.760000228881836,17.760000228881836,1176.0,FIHL,1m
2024-09-18 17:05:00+00:00,17.760000228881836,17.760000228881836,17.760000228881836,17.760000228881836,17.760000228881836,443.0,FIHL,1m
2024-09-18 17:11:00+00:00,17.77199935913086,17.77199935913086,17.77199935913086,17.77199935913086,17.77199935913086,447.0,FIHL,1m
2024-09-18 17:12:00+00:00,17.774999618530273,17.774999618530273,17.774999618530273,17.774999618530273,17.774999618530273,309.0,FIHL,1m
2024-09-18 17:15:00+00:00,17.760000228881836,17.760000228881836,17.760000228881836,17.760000228881836,17.760000228881836,211.0,FIHL,1m
2024-09-18 17:17:00+00:00,17.780000686645508,17.780000686645508,17.780000686645508,17.780000686645508,17.780000686645508,708.0,FIHL,1m
2024-09-18 17:18:00+00:00,17.770000457763672,17.770000457763672,17.770000457763672,17.760000228881836,17.760000228881836,1098.0,FIHL,1m
2024-09-18 17:19:00+00:00,17.774999618530273,17.774999618530273,17.774999618530273,17.774999618530273,17.774999618530273,344.0,FIHL,1m
2024-09-18 17:23:00+00:00,17.764999389648438,17.764999389648438,17.770000457763672,17.764999389648438,17.770000457763672,547.0,FIHL,1m
2024-09-18 17:25:00+00:00,17.770000457763672,17.770000457763672,17.770000457763672,17.770000457763672,17.770000457763672,487.0,FIHL,1m
2024-09-18 17:26:00+00:00,17.770000457763672,17.770000457763672,17.770000457763672,17.770000457763672,17.770000457763672,200.0,FIHL,1m
2024-09-18 17:27:00+00:00,17.78499984741211,17.78499984741211,17.78499984741211,17.780000686645508,17.780000686645508,555.0,FIHL,1m
2024-09-18 17:30:00+00:00,17.790000915527344,17.790000915527344,17.790000915527344,17.790000915527344,17.790000915527344,744.0,FIHL,1m
2024-09-18 17:31:00+00:00,17.799999237060547,17.799999237060547,17.80500030517578,17.799999237060547,17.80500030517578,417.0,FIHL,1m
2024-09-18 17:36:00+00:00,17.809999465942383,17.809999465942383,17.809999465942383,17.809999465942383,17.809999465942383,294.0,FIHL,1m
2024-09-18 17:37:00+00:00,17.790000915527344,17.790000915527344,17.790000915527344,17.790000915527344,17.790000915527344,186.0,FIHL,1m
2024-09-18 17:39:00+00:00,17.795000076293945,17.795000076293945,17.795000076293945,17.790000915527344,17.795000076293945,738.0,FIHL,1m
2024-09-18 17:45:00+00:00,17.799999237060547,17.799999237060547,17.81999969482422,17.799999237060547,17.799999237060547,1863.0,FIHL,1m
2024-09-18 17:46:00+00:00,17.799999237060547,17.799999237060547,17.799999237060547,17.799999237060547,17.799999237060547,607.0,FIHL,1m
2024-09-18 17:49:00+00:00,17.790000915527344,17.790000915527344,17.790000915527344,17.790000915527344,17.790000915527344,491.0,FIHL,1m
2024-09-18 17:50:00+00:00,17.774999618530273,17.774999618530273,17.774999618530273,17.774999618530273,17.774999618530273,281.0,FIHL,1m
2024-09-18 17:51:00+00:00,17.78499984741211,17.78499984741211,17.78499984741211,17.770000457763672,17.770000457763672,1352.0,FIHL,1m
2024-09-18 17:53:00+00:00,17.770000457763672,17.770000457763672,17.780000686645508,17.770000457763672,17.780000686645508,689.0,FIHL,1m
2024-09-18 17:57:00+00:00,17.790000915527344,17.790000915527344,17.790000915527344,17.790000915527344,17.790000915527344,689.0,FIHL,1m
2024-09-18 18:00:00+00:00,17.969999313354492,17.969999313354492,17.969999313354492,17.799999237060547,17.799999237060547,1446.0,FIHL,1m
2024-09-18 18:01:00+00:00,18.024999618530273,18.024999618530273,18.024999618530273,18.024999618530273,18.024999618530273,282.0,FIHL,1m
2024-09-18 18:03:00+00:00,18.030000686645508,18.030000686645508,18.030000686645508,18.020000457763672,18.020000457763672,1053.0,FIHL,1m
2024-09-18 18:08:00+00:00,18.020000457763672,18.020000457763672,18.020000457763672,17.969999313354492,17.979999542236328,684.0,FIHL,1m
2024-09-18 18:09:00+00:00,17.95009994506836,17.95009994506836,17.95009994506836,17.95009994506836,17.95009994506836,2647.0,FIHL,1m
2024-09-18 18:11:00+00:00,17.93000030517578,17.93000030517578,17.940000534057617,17.90999984741211,17.940000534057617,1527.0,FIHL,1m
2024-09-18 18:12:00+00:00,17.920000076293945,17.920000076293945,17.959999084472656,17.920000076293945,17.945999145507812,1652.0,FIHL,1m
2024-09-18 18:13:00+00:00,17.989999771118164,17.989999771118164,17.989999771118164,17.969999313354492,17.969999313354492,910.0,FIHL,1m
2024-09-18 18:14:00+00:00,17.989999771118164,17.989999771118164,17.989999771118164,17.989999771118164,17.989999771118164,339.0,FIHL,1m
2024-09-18 18:15:00+00:00,18.010000228881836,18.010000228881836,18.014999389648438,18.010000228881836,18.010000228881836,1192.0,FIHL,1m
2024-09-18 18:16:00+00:00,18.030000686645508,18.030000686645508,18.030000686645508,18.030000686645508,18.030000686645508,491.0,FIHL,1m
2024-09-18 18:17:00+00:00,18.079999923706055,18.079999923706055,18.079999923706055,18.049999237060547,18.059999465942383,1683.0,FIHL,1m
2024-09-18 18:18:00+00:00,18.079999923706055,18.079999923706055,18.079999923706055,18.06999969482422,18.06999969482422,338.0,FIHL,1m
2024-09-18 18:19:00+00:00,18.100000381469727,18.100000381469727,18.100000381469727,18.09000015258789,18.09000015258789,686.0,FIHL,1m
2024-09-18 18:20:00+00:00,18.100000381469727,18.100000381469727,18.1299991607666,18.100000381469727,18.1299991607666,1401.0,FIHL,1m
2024-09-18 18:21:00+00:00,18.049999237060547,18.049999237060547,18.09000015258789,18.049999237060547,18.09000015258789,772.0,FIHL,1m
2024-09-18 18:22:00+00:00,18.049999237060547,18.049999237060547,18.049999237060547,18.0,18.040000915527344,6630.0,FIHL,1m
2024-09-18 18:24:00+00:00,18.059999465942383,18.059999465942383,18.06999969482422,18.059999465942383,18.06999969482422,725.0,FIHL,1m
2024-09-18 18:25:00+00:00,18.06999969482422,18.06999969482422,18.06999969482422,18.06999969482422,18.06999969482422,125.0,FIHL,1m
2024-09-18 18:26:00+00:00,18.059999465942383,18.059999465942383,18.06999969482422,18.059999465942383,18.06100082397461,969.0,FIHL,1m
2024-09-18 18:28:00+00:00,18.09000015258789,18.09000015258789,18.09000015258789,18.059999465942383,18.059999465942383,549.0,FIHL,1m
2024-09-18 18:29:00+00:00,18.09000015258789,18.09000015258789,18.09000015258789,18.09000015258789,18.09000015258789,268.0,FIHL,1m
2024-09-18 18:30:00+00:00,18.09000015258789,18.09000015258789,18.09000015258789,18.082000732421875,18.082000732421875,2815.0,FIHL,1m
2024-09-18 18:31:00+00:00,18.100000381469727,18.100000381469727,18.100000381469727,18.100000381469727,18.100000381469727,594.0,FIHL,1m
2024-09-18 18:32:00+00:00,18.06999969482422,18.06999969482422,18.100000381469727,18.06999969482422,18.100000381469727,2821.0,FIHL,1m
2024-09-18 18:33:00+00:00,18.104999542236328,18.104999542236328,18.110000610351562,18.104999542236328,18.110000610351562,588.0,FIHL,1m
2024-09-18 18:35:00+00:00,18.09000015258789,18.09000015258789,18.100000381469727,18.09000015258789,18.100000381469727,866.0,FIHL,1m
2024-09-18 18:36:00+00:00,18.040000915527344,18.040000915527344,18.054000854492188,18.024999618530273,18.024999618530273,2612.0,FIHL,1m
2024-09-18 18:37:00+00:00,18.079999923706055,18.079999923706055,18.079999923706055,18.049999237060547,18.049999237060547,1300.0,FIHL,1m
2024-09-18 18:40:00+00:00,18.06999969482422,18.06999969482422,18.09000015258789,18.06999969482422,18.09000015258789,1337.0,FIHL,1m
2024-09-18 18:41:00+00:00,18.079999923706055,18.079999923706055,18.079999923706055,18.079999923706055,18.079999923706055,515.0,FIHL,1m
2024-09-18 18:42:00+00:00,18.030000686645508,18.030000686645508,18.030000686645508,18.030000686645508,18.030000686645508,797.0,FIHL,1m
2024-09-18 18:43:00+00:00,18.020000457763672,18.020000457763672,18.030000686645508,18.020000457763672,18.030000686645508,1654.0,FIHL,1m
2024-09-18 18:44:00+00:00,17.979999542236328,17.979999542236328,17.979999542236328,17.979999542236328,17.979999542236328,1504.0,FIHL,1m
2024-09-18 18:45:00+00:00,18.020000457763672,18.020000457763672,18.020000457763672,17.969999313354492,17.979999542236328,1507.0,FIHL,1m
2024-09-18 18:46:00+00:00,18.059999465942383,18.059999465942383,18.059999465942383,18.030000686645508,18.030000686645508,2152.0,FIHL,1m
2024-09-18 18:47:00+00:00,18.020000457763672,18.020000457763672,18.059999465942383,18.020000457763672,18.059999465942383,796.0,FIHL,1m
2024-09-18 18:48:00+00:00,18.010000228881836,18.010000228881836,18.010000228881836,18.010000228881836,18.010000228881836,274.0,FIHL,1m
2024-09-18 18:49:00+00:00,18.049999237060547,18.049999237060547,18.049999237060547,18.049999237060547,18.049999237060547,1438.0,FIHL,1m
2024-09-18 18:51:00+00:00,18.049999237060547,18.049999237060547,18.049999237060547,18.040000915527344,18.040000915527344,220.0,FIHL,1m
2024-09-18 18:52:00+00:00,18.079999923706055,18.079999923706055,18.079999923706055,18.059999465942383,18.059999465942383,1118.0,FIHL,1m
2024-09-18 18:54:00+00:00,18.06999969482422,18.06999969482422,18.079999923706055,18.06999969482422,18.079999923706055,901.0,FIHL,1m
2024-09-18 18:55:00+00:00,18.059999465942383,18.059999465942383,18.059999465942383,18.059999465942383,18.059999465942383,346.0,FIHL,1m
2024-09-18 18:56:00+00:00,18.059999465942383,18.059999465942383,18.059999465942383,18.059999465942383,18.059999465942383,459.0,FIHL,1m
2024-09-18 18:58:00+00:00,18.040000915527344,18.040000915527344,18.049999237060547,18.040000915527344,18.049999237060547,773.0,FIHL,1m
2024-09-18 18:59:00+00:00,17.969999313354492,17.969999313354492,18.0,17.969999313354492,18.0,1290.0,FIHL,1m
2024-09-18 19:02:00+00:00,17.950000762939453,17.950000762939453,17.950000762939453,17.950000762939453,17.950000762939453,291.0,FIHL,1m
2024-09-18 19:03:00+00:00,17.959999084472656,17.959999084472656,17.959999084472656,17.959999084472656,17.959999084472656,558.0,FIHL,1m
2024-09-18 19:06:00+00:00,17.93000030517578,17.93000030517578,17.940000534057617,17.93000030517578,17.940000534057617,913.0,FIHL,1m
2024-09-18 19:07:00+00:00,17.93000030517578,17.93000030517578,17.93000030517578,17.93000030517578,17.93000030517578,309.0,FIHL,1m
2024-09-18 19:08:00+00:00,17.940000534057617,17.940000534057617,17.940000534057617,17.93000030517578,17.93000030517578,581.0,FIHL,1m
2024-09-18 19:09:00+00:00,17.90999984741211,17.90999984741211,17.920000076293945,17.90999984741211,17.920000076293945,699.0,FIHL,1m
2024-09-18 19:10:00+00:00,17.905000686645508,17.905000686645508,17.905000686645508,17.905000686645508,17.905000686645508,207.0,FIHL,1m
2024-09-18 19:11:00+00:00,17.920000076293945,17.920000076293945,17.920000076293945,17.899999618530273,17.899999618530273,1324.0,FIHL,1m
2024-09-18 19:12:00+00:00,17.969999313354492,17.969999313354492,17.969999313354492,17.959999084472656,17.959999084472656,1503.0,FIHL,1m
2024-09-18 19:13:00+00:00,17.989999771118164,17.989999771118164,17.989999771118164,17.979999542236328,17.979999542236328,722.0,FIHL,1m
2024-09-18 19:14:00+00:00,17.989999771118164,17.989999771118164,17.989999771118164,17.989999771118164,17.989999771118164,2076.0,FIHL,1m
2024-09-18 19:15:00+00:00,17.954999923706055,17.954999923706055,17.979999542236328,17.954999923706055,17.979999542236328,880.0,FIHL,1m
2024-09-18 19:16:00+00:00,17.959999084472656,17.959999084472656,17.959999084472656,17.959999084472656,17.959999084472656,108.0,FIHL,1m
2024-09-18 19:17:00+00:00,17.959999084472656,17.959999084472656,17.96500015258789,17.950000762939453,17.96500015258789,1204.0,FIHL,1m
2024-09-18 19:18:00+00:00,17.940000534057617,17.940000534057617,17.950000762939453,17.940000534057617,17.950000762939453,537.0,FIHL,1m
2024-09-18 19:19:00+00:00,17.93000030517578,17.93000030517578,17.93000030517578,17.93000030517578,17.93000030517578,130.0,FIHL,1m
2024-09-18 19:20:00+00:00,17.90999984741211,17.90999984741211,17.90999984741211,17.90999984741211,17.90999984741211,584.0,FIHL,1m
2024-09-18 19:21:00+00:00,17.860000610351562,17.860000610351562,17.889999389648438,17.84000015258789,17.889999389648438,1577.0,FIHL,1m
2024-09-18 19:23:00+00:00,17.8700008392334,17.8700008392334,17.8700008392334,17.8700008392334,17.8700008392334,391.0,FIHL,1m
2024-09-18 19:24:00+00:00,17.920000076293945,17.920000076293945,17.920000076293945,17.896400451660156,17.896400451660156,685.0,FIHL,1m
2024-09-18 19:25:00+00:00,17.950000762939453,17.950000762939453,17.979999542236328,17.950000762939453,17.950000762939453,9007.0,FIHL,1m
2024-09-18 19:26:00+00:00,17.94499969482422,17.94499969482422,17.94499969482422,17.940000534057617,17.940000534057617,247.0,FIHL,1m
2024-09-18 19:27:00+00:00,17.969999313354492,17.969999313354492,17.969999313354492,17.94499969482422,17.94499969482422,2926.0,FIHL,1m
2024-09-18 19:28:00+00:00,17.969999313354492,17.969999313354492,17.979999542236328,17.969999313354492,17.969999313354492,1183.0,FIHL,1m
2024-09-18 19:30:00+00:00,17.920000076293945,17.920000076293945,17.920000076293945,17.90999984741211,17.920000076293945,1873.0,FIHL,1m
2024-09-18 19:31:00+00:00,17.90999984741211,17.90999984741211,17.920000076293945,17.90999984741211,17.920000076293945,2069.0,FIHL,1m
2024-09-18 19:32:00+00:00,17.899999618530273,17.899999618530273,17.899999618530273,17.899999618530273,17.899999618530273,533.0,FIHL,1m
2024-09-18 19:33:00+00:00,17.850000381469727,17.850000381469727,17.8799991607666,17.844999313354492,17.8799991607666,2083.0,FIHL,1m
2024-09-18 19:34:00+00:00,17.84000015258789,17.84000015258789,17.84000015258789,17.834999084472656,17.834999084472656,806.0,FIHL,1m
2024-09-18 19:35:00+00:00,17.825000762939453,17.825000762939453,17.825000762939453,17.825000762939453,17.825000762939453,332.0,FIHL,1m
2024-09-18 19:36:00+00:00,17.825000762939453,17.825000762939453,17.825000762939453,17.81999969482422,17.81999969482422,421.0,FIHL,1m
2024-09-18 19:38:00+00:00,17.84000015258789,17.84000015258789,17.844999313354492,17.81999969482422,17.81999969482422,2617.0,FIHL,1m
2024-09-18 19:39:00+00:00,17.829999923706055,17.829999923706055,17.829999923706055,17.81999969482422,17.829999923706055,1658.0,FIHL,1m
2024-09-18 19:40:00+00:00,17.81999969482422,17.81999969482422,17.84000015258789,17.81999969482422,17.84000015258789,1124.0,FIHL,1m
2024-09-18 19:41:00+00:00,17.81999969482422,17.81999969482422,17.81999969482422,17.81999969482422,17.81999969482422,248.0,FIHL,1m
2024-09-18 19:42:00+00:00,17.825000762939453,17.825000762939453,17.825000762939453,17.81999969482422,17.81999969482422,444.0,FIHL,1m
2024-09-18 19:43:00+00:00,17.829999923706055,17.829999923706055,17.829999923706055,17.799999237060547,17.81999969482422,2100.0,FIHL,1m
2024-09-18 19:44:00+00:00,17.799999237060547,17.799999237060547,17.825000762939453,17.799999237060547,17.81999969482422,1422.0,FIHL,1m
2024-09-18 19:45:00+00:00,17.798999786376953,17.798999786376953,17.798999786376953,17.798999786376953,17.798999786376953,100.0,FIHL,1m
2024-09-18 19:46:00+00:00,17.795000076293945,17.795000076293945,17.81999969482422,17.790000915527344,17.80500030517578,2697.0,FIHL,1m
2024-09-18 19:47:00+00:00,17.829999923706055,17.829999923706055,17.829999923706055,17.790000915527344,17.790000915527344,1185.0,FIHL,1m
2024-09-18 19:48:00+00:00,17.829999923706055,17.829999923706055,17.829999923706055,17.829999923706055,17.829999923706055,2136.0,FIHL,1m
2024-09-18 19:49:00+00:00,17.850000381469727,17.850000381469727,17.860000610351562,17.850000381469727,17.850000381469727,1400.0,FIHL,1m
2024-09-18 19:50:00+00:00,17.829999923706055,17.829999923706055,17.84000015258789,17.829999923706055,17.84000015258789,1203.0,FIHL,1m
2024-09-18 19:51:00+00:00,17.860000610351562,17.860000610351562,17.860000610351562,17.829999923706055,17.829999923706055,2182.0,FIHL,1m
2024-09-18 19:52:00+00:00,17.860000610351562,17.860000610351562,17.860000610351562,17.850000381469727,17.850000381469727,1512.0,FIHL,1m
2024-09-18 19:53:00+00:00,17.875,17.875,17.8799991607666,17.8700008392334,17.8700008392334,1461.0,FIHL,1m
2024-09-18 19:54:00+00:00,17.850000381469727,17.850000381469727,17.875,17.850000381469727,17.875,2194.0,FIHL,1m
2024-09-18 19:55:00+00:00,17.885000228881836,17.885000228881836,17.899999618530273,17.850000381469727,17.850000381469727,8030.0,FIHL,1m
2024-09-18 19:56:00+00:00,17.871999740600586,17.871999740600586,17.889999389648438,17.8700008392334,17.889999389648438,3001.0,FIHL,1m
2024-09-18 19:57:00+00:00,17.8799991607666,17.8799991607666,17.8799991607666,17.860000610351562,17.8700008392334,5239.0,FIHL,1m
2024-09-18 19:58:00+00:00,17.899999618530273,17.899999618530273,17.905000686645508,17.860000610351562,17.8799991607666,10068.0,FIHL,1m
2024-09-18 19:59:00+00:00,17.93000030517578,17.93000030517578,17.93000030517578,17.895000457763672,17.895000457763672,13554.0,FIHL,1m
