Date,Open,High,Low,Close,Adj Close,Volume
2019-07-25,11.050000190734863,11.640000343322754,10.510000228881836,11.25,11.25,4530800
2019-07-26,11.350000381469727,11.779999732971191,11.119999885559082,11.4399995803833,11.4399995803833,1166300
2019-07-29,11.289999961853027,11.649999618530273,10.979999542236328,11.199999809265137,11.199999809265137,325000
2019-07-30,11.149999618530273,11.399999618530273,10.989999771118164,11.350000381469727,11.350000381469727,513800
2019-07-31,11.359999656677246,11.414999961853027,11.012999534606934,11.25,11.25,264200
2019-08-01,11.300000190734863,11.75,11.029999732971191,11.390000343322754,11.390000343322754,872400
2019-08-02,11.380000114440918,11.59000015258789,11.15999984741211,11.520000457763672,11.520000457763672,174500
2019-08-05,11.449999809265137,11.5,10.609999656677246,10.8100004196167,10.8100004196167,373100
2019-08-06,10.819999694824219,11.300000190734863,10.819999694824219,10.989999771118164,10.989999771118164,109900
2019-08-07,10.949999809265137,11.390000343322754,10.5649995803833,11.039999961853027,11.039999961853027,272500
2019-08-08,11.130000114440918,11.399999618530273,11.093999862670898,11.3100004196167,11.3100004196167,347900
2019-08-09,11.029999732971191,11.949999809265137,11.0,11.75,11.75,323900
2019-08-12,11.699999809265137,11.770000457763672,11.220000267028809,11.739999771118164,11.739999771118164,542500
2019-08-13,11.729999542236328,11.949999809265137,11.729999542236328,11.920000076293945,11.920000076293945,138000
2019-08-14,11.90999984741211,12.0,11.550000190734863,11.869999885559082,11.869999885559082,805300
2019-08-15,11.979999542236328,11.979999542236328,10.699999809265137,11.069999694824219,11.069999694824219,361500
2019-08-16,10.890000343322754,11.470000267028809,10.710000038146973,11.039999961853027,11.039999961853027,392000
2019-08-19,11.470000267028809,11.975000381469727,11.050000190734863,11.210000038146973,11.210000038146973,287600
2019-08-20,11.510000228881836,11.760000228881836,10.0,10.359999656677246,10.359999656677246,485800
2019-08-21,10.449999809265137,10.460000038146973,9.850000381469727,10.15999984741211,10.15999984741211,243600
2019-08-22,10.09000015258789,10.258000373840332,9.380000114440918,9.4399995803833,9.4399995803833,369900
2019-08-23,9.420000076293945,9.699999809265137,8.5600004196167,8.65999984741211,8.65999984741211,318700
2019-08-26,8.640000343322754,8.710000038146973,8.010000228881836,8.670000076293945,8.670000076293945,379600
2019-08-27,8.609999656677246,9.239999771118164,8.300000190734863,9.149999618530273,9.149999618530273,391800
2019-08-28,9.1899995803833,10.59000015258789,9.079999923706055,10.15999984741211,10.15999984741211,506100
2019-08-29,10.300000190734863,10.5,9.550000190734863,10.319999694824219,10.319999694824219,260000
2019-08-30,10.260000228881836,10.65999984741211,10.130000114440918,10.5600004196167,10.5600004196167,74900
2019-09-03,10.569999694824219,11.220000267028809,10.553000450134277,10.760000228881836,10.760000228881836,402800
2019-09-04,10.859999656677246,11.0,10.609999656677246,10.829999923706055,10.829999923706055,229300
2019-09-05,10.930000305175781,11.319999694824219,10.529999732971191,11.010000228881836,11.010000228881836,231700
2019-09-06,10.949999809265137,11.880000114440918,10.90999984741211,11.520000457763672,11.520000457763672,191500
2019-09-09,11.529999732971191,11.529999732971191,10.510000228881836,10.680000305175781,10.680000305175781,331100
2019-09-10,10.649999618530273,10.869999885559082,10.180000305175781,10.34000015258789,10.34000015258789,179100
2019-09-11,10.279999732971191,10.75,10.09000015258789,10.3100004196167,10.3100004196167,218000
2019-09-12,10.359999656677246,10.550000190734863,9.880000114440918,10.15999984741211,10.15999984741211,104500
2019-09-13,10.180000305175781,10.34000015258789,10.100000381469727,10.260000228881836,10.260000228881836,111000
2019-09-16,10.25,10.470000267028809,10.15999984741211,10.279999732971191,10.279999732971191,162000
2019-09-17,10.1899995803833,10.699999809265137,10.010000228881836,10.4399995803833,10.4399995803833,138900
2019-09-18,10.510000228881836,10.649999618530273,10.329999923706055,10.460000038146973,10.460000038146973,369700
2019-09-19,10.40999984741211,10.5600004196167,10.329999923706055,10.359999656677246,10.359999656677246,356900
2019-09-20,10.420000076293945,10.5600004196167,10.3100004196167,10.420000076293945,10.420000076293945,1706100
2019-09-23,10.5,11.25,10.449999809265137,11.010000228881836,11.010000228881836,248200
2019-09-24,11.029999732971191,11.779999732971191,10.90999984741211,11.59000015258789,11.59000015258789,402200
2019-09-25,11.65999984741211,12.279999732971191,11.65999984741211,12.029999732971191,12.029999732971191,477400
2019-09-26,12.010000228881836,12.109999656677246,11.59000015258789,11.649999618530273,11.649999618530273,389900
2019-09-27,11.649999618530273,11.649999618530273,10.50100040435791,10.800000190734863,10.800000190734863,1823200
2019-09-30,10.880000114440918,10.960000038146973,10.609999656677246,10.75,10.75,313300
2019-10-01,10.800000190734863,10.800000190734863,10.149999618530273,10.199999809265137,10.199999809265137,159600
2019-10-02,10.109999656677246,10.319999694824219,9.829999923706055,10.050000190734863,10.050000190734863,193200
2019-10-03,10.050000190734863,10.09000015258789,9.779999732971191,9.850000381469727,9.850000381469727,262900
2019-10-04,9.84000015258789,9.928000450134277,9.479999542236328,9.579999923706055,9.579999923706055,157600
2019-10-07,9.699999809265137,9.850000381469727,9.420000076293945,9.779999732971191,9.779999732971191,118000
2019-10-08,9.6899995803833,9.6899995803833,9.449999809265137,9.630000114440918,9.630000114440918,92900
2019-10-09,9.670000076293945,9.670000076293945,9.3100004196167,9.4399995803833,9.4399995803833,119000
2019-10-10,9.420000076293945,10.050000190734863,9.3100004196167,10.0,10.0,218100
2019-10-11,10.069999694824219,10.300000190734863,9.920000076293945,10.15999984741211,10.15999984741211,222600
2019-10-14,10.100000381469727,10.220000267028809,10.010000228881836,10.09000015258789,10.09000015258789,121600
2019-10-15,10.170000076293945,10.270000457763672,9.970000267028809,10.039999961853027,10.039999961853027,177400
2019-10-16,10.029999732971191,10.329999923706055,10.029999732971191,10.229999542236328,10.229999542236328,179000
2019-10-17,10.25,10.680000305175781,10.25,10.630000114440918,10.630000114440918,299900
2019-10-18,10.600000381469727,10.789999961853027,10.550000190734863,10.699999809265137,10.699999809265137,105700
2019-10-21,10.729999542236328,11.180000305175781,10.6899995803833,10.9399995803833,10.9399995803833,158200
2019-10-22,10.970000267028809,11.140000343322754,10.510000228881836,10.630000114440918,10.630000114440918,114300
2019-10-23,10.600000381469727,10.630000114440918,10.380000114440918,10.510000228881836,10.510000228881836,94300
2019-10-24,10.420000076293945,10.755000114440918,10.149999618530273,10.550000190734863,10.550000190734863,191600
2019-10-25,10.479999542236328,10.90999984741211,10.479999542236328,10.8100004196167,10.8100004196167,170300
2019-10-28,10.949999809265137,11.3100004196167,10.829999923706055,10.970000267028809,10.970000267028809,296300
2019-10-29,10.960000038146973,11.069999694824219,10.789999961853027,11.050000190734863,11.050000190734863,146400
2019-10-30,11.029999732971191,11.119999885559082,10.869999885559082,10.989999771118164,10.989999771118164,121000
2019-10-31,11.479999542236328,11.5,10.489999771118164,10.619999885559082,10.619999885559082,198800
2019-11-01,10.619999885559082,11.100000381469727,10.569999694824219,11.0600004196167,11.0600004196167,333300
2019-11-04,11.210000038146973,11.569999694824219,11.039999961853027,11.140000343322754,11.140000343322754,175200
2019-11-05,11.119999885559082,11.350000381469727,10.899999618530273,10.9399995803833,10.9399995803833,513400
2019-11-06,10.84000015258789,10.949999809265137,10.199999809265137,10.369999885559082,10.369999885559082,105900
2019-11-07,10.420000076293945,10.479999542236328,9.654999732971191,9.850000381469727,9.850000381469727,150400
2019-11-08,9.829999923706055,9.970000267028809,9.609999656677246,9.680000305175781,9.680000305175781,125200
2019-11-11,9.649999618530273,10.239999771118164,9.619999885559082,10.170000076293945,10.170000076293945,323200
2019-11-12,10.270000457763672,11.069999694824219,10.270000457763672,10.569999694824219,10.569999694824219,276700
2019-11-13,10.510000228881836,10.579999923706055,9.609999656677246,9.890000343322754,9.890000343322754,278300
2019-11-14,9.920000076293945,10.75,9.819999694824219,10.600000381469727,10.600000381469727,245200
2019-11-15,10.670000076293945,10.800000190734863,10.482000350952148,10.720000267028809,10.720000267028809,140000
2019-11-18,10.800000190734863,10.800000190734863,10.319999694824219,10.619999885559082,10.619999885559082,96200
2019-11-19,10.680000305175781,10.819999694824219,10.449999809265137,10.609999656677246,10.609999656677246,149100
2019-11-20,10.529999732971191,10.65999984741211,10.149999618530273,10.239999771118164,10.239999771118164,266400
2019-11-21,10.220000267028809,10.475000381469727,10.199999809265137,10.390000343322754,10.390000343322754,87700
2019-11-22,10.470000267028809,10.510000228881836,9.970000267028809,10.130000114440918,10.130000114440918,143700
2019-11-25,10.039999961853027,10.279999732971191,10.029999732971191,10.039999961853027,10.039999961853027,85900
2019-11-26,10.010000228881836,10.069999694824219,9.850000381469727,9.970000267028809,9.970000267028809,68500
2019-11-27,10.039999961853027,10.430000305175781,9.949999809265137,10.220000267028809,10.220000267028809,209600
2019-11-29,10.319999694824219,10.550000190734863,10.140000343322754,10.279999732971191,10.279999732971191,27200
2019-12-02,10.239999771118164,10.279999732971191,9.850000381469727,10.020000457763672,10.020000457763672,80800
2019-12-03,9.90999984741211,9.944999694824219,9.739999771118164,9.899999618530273,9.899999618530273,83800
2019-12-04,9.989999771118164,9.989999771118164,9.550000190734863,9.6899995803833,9.6899995803833,52800
2019-12-05,9.680000305175781,9.680000305175781,9.40999984741211,9.520000457763672,9.520000457763672,79800
2019-12-06,9.5,9.789999961853027,9.470000267028809,9.680000305175781,9.680000305175781,70400
2019-12-09,9.680000305175781,9.680000305175781,9.579999923706055,9.65999984741211,9.65999984741211,70600
2019-12-10,9.59000015258789,9.739999771118164,9.460000038146973,9.59000015258789,9.59000015258789,66300
2019-12-11,9.600000381469727,9.600000381469727,9.199999809265137,9.3100004196167,9.3100004196167,92100
2019-12-12,9.359999656677246,10.010000228881836,9.229999542236328,9.75,9.75,550400
2019-12-13,9.779999732971191,10.390000343322754,9.640000343322754,10.279999732971191,10.279999732971191,148400
2019-12-16,10.449999809265137,10.654999732971191,10.130000114440918,10.399999618530273,10.399999618530273,185500
2019-12-17,10.300000190734863,11.220000267028809,10.300000190734863,11.050000190734863,11.050000190734863,194400
2019-12-18,11.100000381469727,11.180000305175781,10.890000343322754,11.0600004196167,11.0600004196167,88700
2019-12-19,11.0,11.180000305175781,10.850000381469727,10.979999542236328,10.979999542236328,90500
2019-12-20,10.970000267028809,11.979999542236328,10.970000267028809,11.489999771118164,11.489999771118164,596700
2019-12-23,11.489999771118164,11.699999809265137,11.300999641418457,11.420000076293945,11.420000076293945,334000
2019-12-24,11.359999656677246,11.710000038146973,11.069999694824219,11.579999923706055,11.579999923706055,105500
2019-12-26,11.649999618530273,11.739999771118164,11.369999885559082,11.6899995803833,11.6899995803833,170700
2019-12-27,11.789999961853027,11.859999656677246,11.371000289916992,11.630000114440918,11.630000114440918,136900
2019-12-30,11.739999771118164,12.039999961853027,11.699999809265137,11.899999618530273,11.899999618530273,401200
2019-12-31,12.029999732971191,12.46399974822998,10.946000099182129,11.15999984741211,11.15999984741211,220600
2020-01-02,11.270000457763672,11.720000267028809,11.175000190734863,11.289999961853027,11.289999961853027,179000
2020-01-03,11.350000381469727,11.84000015258789,11.347999572753906,11.5,11.5,214400
2020-01-06,11.75,11.819000244140625,11.350000381469727,11.420000076293945,11.420000076293945,186500
2020-01-07,11.4399995803833,11.890000343322754,11.420000076293945,11.520000457763672,11.520000457763672,180500
2020-01-08,11.479999542236328,11.649999618530273,11.449999809265137,11.529999732971191,11.529999732971191,165200
2020-01-09,11.600000381469727,11.635000228881836,11.3100004196167,11.369999885559082,11.369999885559082,121600
2020-01-10,11.430000305175781,11.449999809265137,11.100000381469727,11.180000305175781,11.180000305175781,212600
2020-01-13,11.279999732971191,11.430000305175781,11.229999542236328,11.270000457763672,11.270000457763672,85600
2020-01-14,11.369999885559082,11.40999984741211,10.989999771118164,11.09000015258789,11.09000015258789,380800
2020-01-15,11.15999984741211,11.505000114440918,11.13700008392334,11.390000343322754,11.390000343322754,194200
2020-01-16,11.5600004196167,11.788999557495117,11.430000305175781,11.670000076293945,11.670000076293945,200900
2020-01-17,11.739999771118164,12.399999618530273,11.609999656677246,12.319999694824219,12.319999694824219,216500
2020-01-21,12.300000190734863,12.84000015258789,12.300000190734863,12.710000038146973,12.710000038146973,620000
2020-01-22,12.75,12.90999984741211,12.5,12.890000343322754,12.890000343322754,808500
2020-01-23,12.90999984741211,13.399999618530273,12.885000228881836,13.039999961853027,13.039999961853027,853500
2020-01-24,13.149999618530273,13.65999984741211,13.010000228881836,13.149999618530273,13.149999618530273,772100
2020-01-27,13.1899995803833,13.350000381469727,12.850000381469727,12.90999984741211,12.90999984741211,134500
2020-01-28,13.069999694824219,13.329999923706055,12.960000038146973,13.199999809265137,13.199999809265137,250200
2020-01-29,13.25,13.319999694824219,13.109999656677246,13.3100004196167,13.3100004196167,268400
2020-01-30,13.350000381469727,13.90999984741211,13.270000457763672,13.680000305175781,13.680000305175781,1009600
2020-01-31,13.739999771118164,13.920000076293945,13.430000305175781,13.579999923706055,13.579999923706055,567400
2020-02-03,13.529999732971191,13.880000114440918,13.3100004196167,13.6899995803833,13.6899995803833,579800
2020-02-04,13.779999732971191,14.180000305175781,13.713000297546387,14.0,14.0,293900
2020-02-05,14.020000457763672,14.345000267028809,13.890000343322754,13.970000267028809,13.970000267028809,325700
2020-02-06,14.079999923706055,14.819999694824219,13.979999542236328,14.260000228881836,14.260000228881836,578600
2020-02-07,14.390000343322754,14.5,14.0,14.149999618530273,14.149999618530273,524500
2020-02-10,14.140000343322754,14.60099983215332,14.029999732971191,14.199999809265137,14.199999809265137,420300
2020-02-11,14.350000381469727,15.170000076293945,14.34000015258789,14.699999809265137,14.699999809265137,356200
2020-02-12,15.25,16.299999237060547,14.989999771118164,16.280000686645508,16.280000686645508,1096300
2020-02-13,16.40999984741211,16.969999313354492,15.755999565124512,16.0,16.0,417900
2020-02-14,16.010000228881836,16.280000686645508,15.489999771118164,16.209999084472656,16.209999084472656,291600
2020-02-18,16.190000534057617,16.889999389648438,16.079999923706055,16.239999771118164,16.239999771118164,275000
2020-02-19,16.5,18.264999389648438,16.5,18.040000915527344,18.040000915527344,696600
2020-02-20,18.510000228881836,19.329999923706055,17.860000610351562,19.309999465942383,19.309999465942383,544300
2020-02-21,19.040000915527344,19.059999465942383,17.559999465942383,17.860000610351562,17.860000610351562,463100
2020-02-24,17.5,18.10099983215332,17.40999984741211,17.549999237060547,17.549999237060547,692000
2020-02-25,18.43000030517578,19.764999389648438,16.770000457763672,17.940000534057617,17.940000534057617,1122200
2020-02-26,18.139999389648438,18.395000457763672,17.41900062561035,17.670000076293945,17.670000076293945,452900
2020-02-27,17.350000381469727,17.75,16.729999542236328,16.729999542236328,16.729999542236328,558900
2020-02-28,15.710000038146973,17.299999237060547,15.029999732971191,17.299999237060547,17.299999237060547,503700
2020-03-02,17.299999237060547,20.31999969482422,17.299999237060547,20.309999465942383,20.309999465942383,884800
2020-03-03,20.3799991607666,20.489999771118164,18.90999984741211,19.6299991607666,19.6299991607666,622200
2020-03-04,19.65999984741211,20.084999084472656,19.25,19.700000762939453,19.700000762939453,441000
2020-03-05,19.25,20.8700008392334,19.200000762939453,19.459999084472656,19.459999084472656,316300
2020-03-06,18.690000534057617,19.010000228881836,17.8700008392334,18.09000015258789,18.09000015258789,417500
2020-03-09,15.09000015258789,16.899999618530273,15.09000015258789,16.81999969482422,16.81999969482422,626000
2020-03-10,17.360000610351562,18.395000457763672,16.399999618530273,17.030000686645508,17.030000686645508,510700
2020-03-11,16.700000762939453,16.719999313354492,15.380000114440918,15.890000343322754,15.890000343322754,905800
2020-03-12,14.5,15.140000343322754,11.5,11.5,11.5,594600
2020-03-13,12.15999984741211,12.300000190734863,10.210000038146973,11.149999618530273,11.149999618530273,641300
2020-03-16,10.149999618530273,10.489999771118164,8.40999984741211,9.020000457763672,9.020000457763672,637900
2020-03-17,9.229999542236328,9.460000038146973,8.119999885559082,9.329999923706055,9.329999923706055,673500
2020-03-18,8.869999885559082,8.880000114440918,6.119999885559082,7.0,7.0,694700
2020-03-19,7.0,8.210000038146973,6.570000171661377,7.429999828338623,7.429999828338623,969700
2020-03-20,7.820000171661377,12.430000305175781,7.672999858856201,10.170000076293945,10.170000076293945,4998900
2020-03-23,10.630000114440918,11.170000076293945,7.590000152587891,10.029999732971191,10.029999732971191,831800
2020-03-24,10.510000228881836,11.920000076293945,10.039999961853027,10.899999618530273,10.899999618530273,874900
2020-03-25,11.170000076293945,12.489999771118164,10.210000038146973,11.930000305175781,11.930000305175781,705500
2020-03-26,11.970000267028809,13.600000381469727,11.930000305175781,12.609999656677246,12.609999656677246,604400
2020-03-27,12.039999961853027,12.1899995803833,10.744999885559082,10.90999984741211,10.90999984741211,527200
2020-03-30,10.829999923706055,10.829999923706055,9.819999694824219,10.140000343322754,10.140000343322754,691000
2020-03-31,10.149999618530273,10.399999618530273,9.729999542236328,10.069999694824219,10.069999694824219,667200
2020-04-01,9.520000457763672,10.0600004196167,9.152000427246094,9.800000190734863,9.800000190734863,504300
2020-04-02,9.819999694824219,10.109999656677246,9.449999809265137,9.9399995803833,9.9399995803833,547900
2020-04-03,9.770000457763672,9.920000076293945,8.654999732971191,9.0600004196167,9.0600004196167,750100
2020-04-06,9.510000228881836,9.720000267028809,9.0600004196167,9.449999809265137,9.449999809265137,789600
2020-04-07,10.399999618530273,10.859999656677246,9.949999809265137,10.680000305175781,10.680000305175781,758700
2020-04-08,10.729999542236328,11.329999923706055,10.460000038146973,11.15999984741211,11.15999984741211,749100
2020-04-09,11.210000038146973,12.279999732971191,11.210000038146973,11.760000228881836,11.760000228881836,786100
2020-04-13,11.90999984741211,12.180000305175781,10.510000228881836,11.319999694824219,11.319999694824219,659300
2020-04-14,11.529999732971191,13.404999732971191,11.529999732971191,12.880000114440918,12.880000114440918,1196200
2020-04-15,12.510000228881836,12.609999656677246,11.125,11.710000038146973,11.710000038146973,995400
2020-04-16,12.010000228881836,12.149999618530273,10.210000038146973,10.619999885559082,10.619999885559082,620400
2020-04-17,11.119999885559082,11.350000381469727,10.880000114440918,10.989999771118164,10.989999771118164,569800
2020-04-20,10.899999618530273,11.5,10.581000328063965,11.119999885559082,11.119999885559082,427100
2020-04-21,10.949999809265137,11.069999694824219,9.979999542236328,10.6899995803833,10.6899995803833,671500
2020-04-22,11.069999694824219,11.680000305175781,10.699999809265137,11.579999923706055,11.579999923706055,338400
2020-04-23,11.640000343322754,12.539999961853027,11.598999977111816,12.300000190734863,12.300000190734863,459800
2020-04-24,12.260000228881836,12.5,11.180000305175781,11.300000190734863,11.300000190734863,414200
2020-04-27,11.390000343322754,12.220000267028809,11.390000343322754,12.09000015258789,12.09000015258789,333600
2020-04-28,12.300000190734863,12.710000038146973,12.149999618530273,12.40999984741211,12.40999984741211,337600
2020-04-29,12.670000076293945,14.25,12.444999694824219,13.920000076293945,13.920000076293945,854400
2020-04-30,13.699999809265137,13.970000267028809,12.369999885559082,12.600000381469727,12.600000381469727,822900
2020-05-01,12.3100004196167,12.59000015258789,11.180000305175781,11.529999732971191,11.529999732971191,649100
2020-05-04,11.130000114440918,11.6899995803833,11.010000228881836,11.65999984741211,11.65999984741211,236000
2020-05-05,11.869999885559082,12.100000381469727,11.289999961853027,11.329999923706055,11.329999923706055,234800
2020-05-06,11.479999542236328,11.789999961853027,11.0,11.4399995803833,11.4399995803833,356600
2020-05-07,11.649999618530273,12.710000038146973,11.472999572753906,12.710000038146973,12.710000038146973,408100
2020-05-08,12.989999771118164,14.149999618530273,12.8100004196167,13.9399995803833,13.9399995803833,499700
2020-05-11,13.329999923706055,13.770000457763672,12.8100004196167,13.699999809265137,13.699999809265137,380900
2020-05-12,13.720000267028809,14.890000343322754,13.071000099182129,13.9399995803833,13.9399995803833,388600
2020-05-13,13.779999732971191,14.65999984741211,12.604999542236328,13.130000114440918,13.130000114440918,518800
2020-05-14,12.470000267028809,14.140000343322754,12.300000190734863,13.899999618530273,13.899999618530273,530800
2020-05-15,13.9399995803833,14.5,12.84000015258789,14.119999885559082,14.119999885559082,560200
2020-05-18,14.869999885559082,15.779999732971191,14.220000267028809,15.75,15.75,495600
2020-05-19,14.9399995803833,15.739999771118164,14.850000381469727,14.899999618530273,14.899999618530273,521400
2020-05-20,14.699999809265137,15.390000343322754,13.84000015258789,14.069999694824219,14.069999694824219,320400
2020-05-21,14.029999732971191,14.180000305175781,13.456000328063965,13.569999694824219,13.569999694824219,258300
2020-05-22,13.859999656677246,13.949999809265137,13.520000457763672,13.710000038146973,13.710000038146973,313700
2020-05-26,14.640000343322754,14.899999618530273,14.180000305175781,14.640000343322754,14.640000343322754,487000
2020-05-27,15.0,15.050000190734863,13.15999984741211,14.479999542236328,14.479999542236328,519900
2020-05-28,14.930000305175781,15.300999641418457,14.289999961853027,14.739999771118164,14.739999771118164,368200
2020-05-29,14.640000343322754,15.279999732971191,14.319999694824219,15.0,15.0,774700
2020-06-01,15.1899995803833,16.579999923706055,14.899999618530273,16.440000534057617,16.440000534057617,639400
2020-06-02,16.610000610351562,16.739999771118164,15.369999885559082,15.600000381469727,15.600000381469727,278000
2020-06-03,15.989999771118164,16.979999542236328,15.859999656677246,16.399999618530273,16.399999618530273,361900
2020-06-04,16.34000015258789,16.479999542236328,15.420000076293945,15.680000305175781,15.680000305175781,574800
2020-06-05,16.280000686645508,16.450000762939453,15.550000190734863,15.989999771118164,15.989999771118164,434000
2020-06-08,16.31999969482422,16.700000762939453,15.869999885559082,16.3700008392334,16.3700008392334,891400
2020-06-09,16.030000686645508,16.700000762939453,15.739999771118164,16.3799991607666,16.3799991607666,404300
2020-06-10,16.329999923706055,16.670000076293945,16.0049991607666,16.420000076293945,16.420000076293945,515400
2020-06-11,15.59000015258789,16.0,13.850000381469727,13.930000305175781,13.930000305175781,508000
2020-06-12,15.0,16.459999084472656,14.399999618530273,16.360000610351562,16.360000610351562,535200
2020-06-15,16.719999313354492,18.40999984741211,16.420000076293945,18.079999923706055,18.079999923706055,817900
2020-06-16,18.809999465942383,19.030000686645508,17.84000015258789,17.950000762939453,17.950000762939453,849500
2020-06-17,17.90999984741211,19.003000259399414,17.489999771118164,17.790000915527344,17.790000915527344,641900
2020-06-18,17.56999969482422,19.1299991607666,17.469999313354492,18.959999084472656,18.959999084472656,642500
2020-06-19,19.1299991607666,20.09000015258789,18.84000015258789,19.829999923706055,19.829999923706055,1345400
2020-06-22,19.899999618530273,20.010000228881836,19.1200008392334,19.399999618530273,19.399999618530273,713700
2020-06-23,19.56999969482422,19.850000381469727,19.270000457763672,19.510000228881836,19.510000228881836,591000
2020-06-24,19.18000030517578,19.520000457763672,18.600000381469727,19.209999084472656,19.209999084472656,467300
2020-06-25,19.469999313354492,19.469999313354492,18.81999969482422,19.110000610351562,19.110000610351562,408400
2020-06-26,19.0,19.110000610351562,18.399999618530273,18.850000381469727,18.850000381469727,671300
2020-06-29,18.020000457763672,18.5,15.890000343322754,17.549999237060547,17.549999237060547,1030400
2020-06-30,17.200000762939453,17.239999771118164,16.110000610351562,17.06999969482422,17.06999969482422,1103700
2020-07-01,17.809999465942383,18.459999084472656,17.010000228881836,17.510000228881836,17.510000228881836,2423200
2020-07-02,17.93000030517578,18.270000457763672,17.52199935913086,17.579999923706055,17.579999923706055,607800
2020-07-06,18.389999389648438,19.270000457763672,18.219999313354492,18.81999969482422,18.81999969482422,914000
2020-07-07,18.90999984741211,19.790000915527344,18.8700008392334,18.969999313354492,18.969999313354492,778200
2020-07-08,18.6200008392334,19.790000915527344,18.209999084472656,19.260000228881836,19.260000228881836,1053800
2020-07-09,19.700000762939453,19.788999557495117,18.709999084472656,19.100000381469727,19.100000381469727,603000
2020-07-10,19.309999465942383,19.350000381469727,18.270000457763672,19.030000686645508,19.030000686645508,525000
2020-07-13,19.149999618530273,19.354999542236328,18.520000457763672,18.600000381469727,18.600000381469727,957600
2020-07-14,18.709999084472656,19.690000534057617,18.709999084472656,19.510000228881836,19.510000228881836,1518200
2020-07-15,20.3700008392334,20.93000030517578,19.34000015258789,19.399999618530273,19.399999618530273,1389800
2020-07-16,19.18000030517578,20.1200008392334,17.5,19.719999313354492,19.719999313354492,1202500
2020-07-17,19.68000030517578,21.0,19.1299991607666,20.940000534057617,20.940000534057617,1058700
2020-07-20,20.950000762939453,22.479999542236328,20.360000610351562,20.790000915527344,20.790000915527344,1746300
2020-07-21,21.260000228881836,21.56999969482422,20.440000534057617,20.510000228881836,20.510000228881836,789600
2020-07-22,21.049999237060547,22.260000228881836,21.010000228881836,21.84000015258789,21.84000015258789,1661800
2020-07-23,21.84000015258789,22.8700008392334,21.674999237060547,22.0,22.0,1212500
2020-07-24,21.809999465942383,22.59000015258789,21.010000228881836,22.299999237060547,22.299999237060547,688100
2020-07-27,23.219999313354492,24.75,23.139999389648438,23.75,23.75,1467900
2020-07-28,23.739999771118164,24.600000381469727,23.049999237060547,23.610000610351562,23.610000610351562,991500
2020-07-29,23.600000381469727,24.1299991607666,23.299999237060547,23.739999771118164,23.739999771118164,1120600
2020-07-30,24.1200008392334,25.549999237060547,22.860000610351562,24.450000762939453,24.450000762939453,1737500
2020-07-31,24.579999923706055,25.670000076293945,24.09000015258789,25.010000228881836,25.010000228881836,892700
2020-08-03,25.18000030517578,26.360000610351562,23.959999084472656,25.520000457763672,25.520000457763672,1207800
2020-08-04,25.860000610351562,26.7450008392334,25.649999618530273,26.549999237060547,26.549999237060547,1046000
2020-08-05,26.440000534057617,27.719999313354492,25.25,27.5,27.5,1298300
2020-08-06,27.450000762939453,28.700000762939453,26.969999313354492,27.65999984741211,27.65999984741211,805800
2020-08-07,27.25,28.729999542236328,27.18000030517578,27.729999542236328,27.729999542236328,697100
2020-08-10,27.850000381469727,29.610000610351562,27.81999969482422,28.59000015258789,28.59000015258789,1160000
2020-08-11,28.829999923706055,29.0,25.90999984741211,26.860000610351562,26.860000610351562,1622700
2020-08-12,26.969999313354492,28.038999557495117,26.562000274658203,26.979999542236328,26.979999542236328,807100
2020-08-13,27.170000076293945,28.53499984741211,27.049999237060547,28.200000762939453,28.200000762939453,809300
2020-08-14,26.239999771118164,26.350000381469727,23.899999618530273,24.290000915527344,24.290000915527344,7310200
2020-08-17,24.979999542236328,25.09000015258789,23.799999237060547,24.399999618530273,24.399999618530273,2366700
2020-08-18,25.09000015258789,25.149999618530273,23.43000030517578,24.299999237060547,24.299999237060547,1818200
2020-08-19,24.190000534057617,25.0,23.979999542236328,24.15999984741211,24.15999984741211,1155600
2020-08-20,24.079999923706055,24.350000381469727,23.239999771118164,23.350000381469727,23.350000381469727,832900
2020-08-21,23.350000381469727,24.549999237060547,23.06999969482422,23.760000228881836,23.760000228881836,957200
2020-08-24,24.049999237060547,24.25,23.389999389648438,23.540000915527344,23.540000915527344,648300
2020-08-25,23.5,25.049999237060547,23.309999465942383,25.040000915527344,25.040000915527344,1146400
2020-08-26,24.940000534057617,26.110000610351562,23.889999389648438,24.200000762939453,24.200000762939453,1121200
2020-08-27,24.610000610351562,25.65999984741211,24.299999237060547,24.75,24.75,1112500
2020-08-28,24.770000457763672,25.06999969482422,24.350000381469727,24.540000915527344,24.540000915527344,987900
2020-08-31,24.5,24.6200008392334,23.1299991607666,23.719999313354492,23.719999313354492,1309200
2020-09-01,23.579999923706055,23.899999618530273,23.160999298095703,23.700000762939453,23.700000762939453,1287800
2020-09-02,24.520000457763672,24.739999771118164,23.540000915527344,23.81999969482422,23.81999969482422,1089200
2020-09-03,23.549999237060547,23.850000381469727,21.90999984741211,22.350000381469727,22.350000381469727,1489100
2020-09-04,22.1200008392334,22.3700008392334,18.81999969482422,21.440000534057617,21.440000534057617,2434200
2020-09-08,21.040000915527344,22.399999618530273,20.510000228881836,22.09000015258789,22.09000015258789,1546000
2020-09-09,22.329999923706055,24.079999923706055,22.329999923706055,23.600000381469727,23.600000381469727,2092100
2020-09-10,23.56999969482422,24.2549991607666,23.280000686645508,23.450000762939453,23.450000762939453,2193500
2020-09-11,23.59000015258789,23.93000030517578,23.059999465942383,23.260000228881836,23.260000228881836,797600
2020-09-14,23.700000762939453,25.06999969482422,23.229999542236328,24.979999542236328,24.979999542236328,1109500
2020-09-15,25.3799991607666,27.0,25.229999542236328,26.420000076293945,26.420000076293945,1101100
2020-09-16,26.420000076293945,27.190000534057617,25.93000030517578,26.219999313354492,26.219999313354492,839600
2020-09-17,25.700000762939453,26.229999542236328,24.520000457763672,24.690000534057617,24.690000534057617,1036900
2020-09-18,25.229999542236328,26.351999282836914,24.860000610351562,25.139999389648438,25.139999389648438,4949700
2020-09-21,24.5,25.90999984741211,24.158000946044922,25.850000381469727,25.850000381469727,824000
2020-09-22,26.020000457763672,26.489999771118164,25.260000228881836,26.09000015258789,26.09000015258789,778600
2020-09-23,26.389999389648438,26.899999618530273,25.40999984741211,25.889999389648438,25.889999389648438,1193700
2020-09-24,25.450000762939453,26.329999923706055,24.3700008392334,25.459999084472656,25.459999084472656,1187900
2020-09-25,25.520000457763672,26.6200008392334,25.150999069213867,26.520000457763672,26.520000457763672,1626700
2020-09-28,27.010000228881836,28.290000915527344,26.579999923706055,26.790000915527344,26.790000915527344,1669000
2020-09-29,26.049999237060547,26.989999771118164,23.459999084472656,26.93000030517578,26.93000030517578,3639500
2020-09-30,27.420000076293945,30.676000595092773,27.200000762939453,30.40999984741211,30.40999984741211,3949400
2020-10-01,30.700000762939453,31.260000228881836,29.670000076293945,30.110000610351562,30.110000610351562,3350600
2020-10-02,29.25,33.0099983215332,28.0,28.56999969482422,28.56999969482422,4242300
2020-10-05,28.93000030517578,29.559999465942383,28.600000381469727,28.729999542236328,28.729999542236328,1687900
2020-10-06,29.049999237060547,29.420000076293945,27.68000030517578,28.049999237060547,28.049999237060547,2004100
2020-10-07,28.979999542236328,30.450000762939453,28.8700008392334,28.989999771118164,28.989999771118164,2333600
2020-10-08,29.75,30.299999237060547,27.260000228881836,28.020000457763672,28.020000457763672,2000700
2020-10-09,28.139999389648438,29.540000915527344,28.139999389648438,29.360000610351562,29.360000610351562,1027600
2020-10-12,30.170000076293945,30.639999389648438,28.020000457763672,28.350000381469727,28.350000381469727,2251000
2020-10-13,28.389999389648438,29.809999465942383,28.389999389648438,28.440000534057617,28.440000534057617,1655100
2020-10-14,29.270000457763672,29.90999984741211,28.770000457763672,29.639999389648438,29.639999389648438,1633900
2020-10-15,28.969999313354492,30.299999237060547,28.06999969482422,28.3700008392334,28.3700008392334,2892500
2020-10-16,28.670000076293945,29.59000015258789,27.850000381469727,29.0,29.0,4944200
2020-10-19,29.299999237060547,30.90999984741211,28.739999771118164,29.969999313354492,29.969999313354492,2528200
2020-10-20,30.149999618530273,32.45000076293945,30.149999618530273,30.770000457763672,30.770000457763672,3062700
2020-10-21,31.09000015258789,31.389999389648438,26.639999389648438,26.739999771118164,26.739999771118164,3209000
2020-10-22,26.75,27.200000762939453,25.19099998474121,26.56999969482422,26.56999969482422,2316600
2020-10-23,27.25,27.690000534057617,26.110000610351562,26.860000610351562,26.860000610351562,1213500
2020-10-26,26.229999542236328,27.479999542236328,25.523000717163086,25.93000030517578,25.93000030517578,1063300
2020-10-27,26.219999313354492,26.899999618530273,25.530000686645508,26.25,26.25,895500
2020-10-28,26.0,26.8700008392334,25.420000076293945,26.540000915527344,26.540000915527344,1748900
2020-10-29,26.170000076293945,26.25,24.809999465942383,25.559999465942383,25.559999465942383,2465900
2020-10-30,25.1200008392334,25.299999237060547,23.649999618530273,24.059999465942383,24.059999465942383,1863500
2020-11-02,24.25,26.110000610351562,24.239999771118164,26.020000457763672,26.020000457763672,1719500
2020-11-03,26.229999542236328,28.739999771118164,26.229999542236328,28.309999465942383,28.309999465942383,2133200
2020-11-04,27.0,28.889999389648438,25.829999923706055,28.719999313354492,28.719999313354492,2217100
2020-11-05,29.719999313354492,33.06999969482422,29.719999313354492,31.93000030517578,31.93000030517578,2740700
2020-11-06,32.36000061035156,35.95000076293945,32.25,33.20000076293945,33.20000076293945,2475500
2020-11-09,35.0,36.47999954223633,32.0099983215332,32.439998626708984,32.439998626708984,2323000
2020-11-10,33.02000045776367,33.290000915527344,30.670000076293945,31.510000228881836,31.510000228881836,1768400
2020-11-11,32.11000061035156,34.97999954223633,32.11000061035156,33.27000045776367,33.27000045776367,1764900
2020-11-12,33.779998779296875,34.779998779296875,32.16999816894531,32.369998931884766,32.369998931884766,1921900
2020-11-13,33.14500045776367,33.2400016784668,31.829999923706055,32.65999984741211,32.65999984741211,912000
2020-11-16,32.61000061035156,34.36000061035156,32.380001068115234,34.099998474121094,34.099998474121094,1316800
2020-11-17,34.11000061035156,35.5,33.5,35.13999938964844,35.13999938964844,1128100
2020-11-18,35.63999938964844,36.20000076293945,32.84000015258789,32.900001525878906,32.900001525878906,1822600
2020-11-19,33.130001068115234,33.92499923706055,31.610000610351562,31.979999542236328,31.979999542236328,1709400
2020-11-20,32.220001220703125,35.2400016784668,31.790000915527344,34.779998779296875,34.779998779296875,1716300
2020-11-23,35.31999969482422,38.560001373291016,35.31999969482422,38.209999084472656,38.209999084472656,2579100
2020-11-24,39.849998474121094,41.5099983215332,38.59000015258789,39.790000915527344,39.790000915527344,2798000
2020-11-25,39.83000183105469,42.65999984741211,39.0099983215332,42.560001373291016,42.560001373291016,1865800
2020-11-27,43.189998626708984,45.310001373291016,42.665000915527344,45.0,45.0,1987400
2020-11-30,45.470001220703125,46.0,39.86000061035156,40.5099983215332,40.5099983215332,2707600
2020-12-01,39.790000915527344,42.90999984741211,38.900001525878906,40.11000061035156,40.11000061035156,6013600
2020-12-02,39.22999954223633,40.084999084472656,36.81999969482422,38.619998931884766,38.619998931884766,2105600
2020-12-03,39.38999938964844,40.03499984741211,38.130001068115234,38.90999984741211,38.90999984741211,1950500
2020-12-04,39.45000076293945,40.7400016784668,38.56999969482422,39.279998779296875,39.279998779296875,1296800
2020-12-07,39.41999816894531,39.5,37.81999969482422,38.720001220703125,38.720001220703125,1069300
2020-12-08,38.54999923706055,40.084999084472656,38.369998931884766,39.54999923706055,39.54999923706055,1263000
2020-12-09,40.59000015258789,41.20000076293945,36.810001373291016,38.47999954223633,38.47999954223633,1954500
2020-12-10,38.0099983215332,39.654998779296875,36.5,39.439998626708984,39.439998626708984,1265700
2020-12-11,39.5,40.11000061035156,38.58000183105469,39.310001373291016,39.310001373291016,1003900
2020-12-14,39.779998779296875,40.13999938964844,38.560001373291016,38.59000015258789,38.59000015258789,842400
2020-12-15,39.529998779296875,44.0,39.25,42.970001220703125,42.970001220703125,2640500
2020-12-16,42.9900016784668,43.150001525878906,39.150001525878906,40.959999084472656,40.959999084472656,3234900
2020-12-17,41.75,42.459999084472656,39.939998626708984,41.79999923706055,41.79999923706055,2031500
2020-12-18,41.9900016784668,44.61000061035156,41.439998626708984,42.349998474121094,42.349998474121094,4281900
2020-12-21,41.25,46.43000030517578,40.7599983215332,46.08000183105469,46.08000183105469,2127400
2020-12-22,46.63999938964844,48.7400016784668,45.04999923706055,46.95000076293945,46.95000076293945,2605100
2020-12-23,47.56999969482422,48.72999954223633,45.803001403808594,47.0,47.0,1543700
2020-12-24,46.599998474121094,46.959999084472656,44.529998779296875,45.79999923706055,45.79999923706055,742700
2020-12-28,48.0,48.84000015258789,43.650001525878906,43.91999816894531,43.91999816894531,2029600
2020-12-29,44.130001068115234,44.36000061035156,41.130001068115234,41.83000183105469,41.83000183105469,1385900
2020-12-30,42.349998474121094,45.03499984741211,42.099998474121094,44.2599983215332,44.2599983215332,2261800
2020-12-31,43.939998626708984,46.11000061035156,43.5,45.130001068115234,45.130001068115234,1199400
2021-01-04,47.470001220703125,49.34000015258789,44.15800094604492,45.040000915527344,45.040000915527344,2329600
2021-01-05,45.59000015258789,46.900001525878906,44.650001525878906,46.22999954223633,46.22999954223633,1980400
2021-01-06,50.0,52.189998626708984,47.65999984741211,50.310001373291016,50.310001373291016,4264500
2021-01-07,54.40999984741211,57.70000076293945,51.88999938964844,52.630001068115234,52.630001068115234,2865600
2021-01-08,53.47999954223633,54.9900016784668,51.400001525878906,52.36000061035156,52.36000061035156,1975100
2021-01-11,50.7599983215332,53.7400016784668,49.599998474121094,51.810001373291016,51.810001373291016,1313500
2021-01-12,51.5099983215332,53.25199890136719,48.150001525878906,50.25,50.25,2503200
2021-01-13,51.130001068115234,51.970001220703125,48.7599983215332,50.779998779296875,50.779998779296875,2139400
2021-01-14,51.11000061035156,52.4640007019043,49.43000030517578,49.59000015258789,49.59000015258789,1612500
2021-01-15,49.060001373291016,50.130001068115234,46.52000045776367,47.47999954223633,47.47999954223633,2163800
2021-01-19,48.849998474121094,49.9900016784668,46.540000915527344,49.33000183105469,49.33000183105469,2162100
2021-01-20,50.189998626708984,53.97999954223633,49.7599983215332,50.040000915527344,50.040000915527344,2430800
2021-01-21,50.63999938964844,54.16999816894531,48.61000061035156,54.119998931884766,54.119998931884766,1908600
2021-01-22,52.29999923706055,54.27000045776367,51.5,53.88999938964844,53.88999938964844,1526000
2021-01-25,54.0,55.18000030517578,48.79999923706055,49.810001373291016,49.810001373291016,1893300
2021-01-26,50.5099983215332,50.849998474121094,47.599998474121094,47.849998474121094,47.849998474121094,1843300
2021-01-27,43.54999923706055,46.61000061035156,40.400001525878906,41.90999984741211,41.90999984741211,4735400
2021-01-28,42.5,46.474998474121094,41.71099853515625,45.43000030517578,45.43000030517578,2783800
2021-01-29,45.279998779296875,46.81999969482422,42.880001068115234,43.849998474121094,43.849998474121094,2149200
2021-02-01,44.56999969482422,45.125,42.189998626708984,44.93000030517578,44.93000030517578,1962000
2021-02-02,45.88999938964844,46.59000015258789,44.13399887084961,45.52000045776367,45.52000045776367,1889800
2021-02-03,45.86000061035156,46.97999954223633,44.5,46.11000061035156,46.11000061035156,1493200
2021-02-04,45.290000915527344,46.84000015258789,43.849998474121094,46.75,46.75,1804900
2021-02-05,47.08000183105469,49.939998626708984,45.58000183105469,49.45000076293945,49.45000076293945,2267500
2021-02-08,49.689998626708984,53.209999084472656,49.119998931884766,50.97999954223633,50.97999954223633,1774400
2021-02-09,51.209999084472656,54.04999923706055,50.630001068115234,53.439998626708984,53.439998626708984,1814700
2021-02-10,54.59000015258789,55.54999923706055,51.70000076293945,52.20000076293945,52.20000076293945,1735100
2021-02-11,52.61000061035156,53.029998779296875,50.53099822998047,51.689998626708984,51.689998626708984,1268600
2021-02-12,51.119998931884766,52.599998474121094,50.11000061035156,50.970001220703125,50.970001220703125,1340600
2021-02-16,51.869998931884766,52.25,46.91999816894531,49.099998474121094,49.099998474121094,1649400
2021-02-17,49.41999816894531,50.34000015258789,46.619998931884766,49.63999938964844,49.63999938964844,2606100
2021-02-18,48.38999938964844,49.470001220703125,43.56999969482422,46.599998474121094,46.599998474121094,3370500
2021-02-19,48.380001068115234,48.91999816894531,45.790000915527344,45.97999954223633,45.97999954223633,2180100
2021-02-22,44.709999084472656,45.33000183105469,41.369998931884766,41.599998474121094,41.599998474121094,3351600
2021-02-23,39.38999938964844,43.65999984741211,36.400001525878906,42.619998931884766,42.619998931884766,3392600
2021-02-24,42.88999938964844,46.34000015258789,42.68299865722656,46.060001373291016,46.060001373291016,3263300
2021-02-25,44.0,46.75,40.16999816894531,41.84000015258789,41.84000015258789,3932700
2021-02-26,45.400001525878906,47.099998474121094,42.15999984741211,44.84000015258789,44.84000015258789,3592000
2021-03-01,46.119998931884766,48.209999084472656,44.7599983215332,47.91999816894531,47.91999816894531,1826200
2021-03-02,47.68000030517578,48.36000061035156,43.500999450683594,43.66999816894531,43.66999816894531,1880200
2021-03-03,44.20000076293945,44.61000061035156,38.220001220703125,38.720001220703125,38.720001220703125,2971700
2021-03-04,38.27000045776367,40.560001373291016,36.41999816894531,37.880001068115234,37.880001068115234,3160400
2021-03-05,38.70000076293945,38.7400016784668,31.389999389648438,36.689998626708984,36.689998626708984,4602900
2021-03-08,35.97999954223633,38.18000030517578,34.119998931884766,35.0099983215332,35.0099983215332,2350400
2021-03-09,37.40999984741211,39.7599983215332,36.54999923706055,39.310001373291016,39.310001373291016,2908000
2021-03-10,41.15999984741211,41.81999969482422,36.72999954223633,37.290000915527344,37.290000915527344,2895300
2021-03-11,39.189998626708984,43.45000076293945,38.83000183105469,42.869998931884766,42.869998931884766,3155200
2021-03-12,41.02000045776367,43.349998474121094,40.459999084472656,42.5099983215332,42.5099983215332,1425300
2021-03-15,41.619998931884766,42.91999816894531,40.41999816894531,40.650001525878906,40.650001525878906,1877500
2021-03-16,38.790000915527344,40.03799819946289,37.790000915527344,38.63999938964844,38.63999938964844,1936200
2021-03-17,37.16999816894531,38.5,36.060001373291016,36.9900016784668,36.9900016784668,3135900
2021-03-18,36.34000015258789,37.290000915527344,33.2400016784668,33.869998931884766,33.869998931884766,3613400
2021-03-19,34.0099983215332,36.720001220703125,33.654998779296875,35.529998779296875,35.529998779296875,3997200
2021-03-22,36.29999923706055,37.79999923706055,35.209999084472656,36.81999969482422,36.81999969482422,2453100
2021-03-23,36.72999954223633,37.630001068115234,35.18000030517578,35.68000030517578,35.68000030517578,1984400
2021-03-24,35.880001068115234,36.40999984741211,33.689998626708984,34.0,34.0,2683400
2021-03-25,32.72999954223633,34.20000076293945,31.030000686645508,34.11000061035156,34.11000061035156,3266300
2021-03-26,34.5,35.9900016784668,33.81999969482422,35.880001068115234,35.880001068115234,2079000
2021-03-29,35.34000015258789,35.540000915527344,32.25,32.4900016784668,32.4900016784668,1761500
2021-03-30,32.7400016784668,37.189998626708984,32.5,37.08000183105469,37.08000183105469,1902600
2021-03-31,38.81999969482422,41.90999984741211,38.529998779296875,40.81999969482422,40.81999969482422,3847800
2021-04-01,41.900001525878906,43.70000076293945,40.84000015258789,41.060001373291016,41.060001373291016,3064500
2021-04-05,42.20000076293945,42.3650016784668,36.36000061035156,36.86000061035156,36.86000061035156,3049400
2021-04-06,37.209999084472656,39.29999923706055,37.08000183105469,37.380001068115234,37.380001068115234,1526100
2021-04-07,37.130001068115234,37.369998931884766,34.849998474121094,35.650001525878906,35.650001525878906,1573000
2021-04-08,36.08000183105469,37.029998779296875,34.81999969482422,35.81999969482422,35.81999969482422,1911700
2021-04-09,35.2599983215332,36.2400016784668,34.09000015258789,35.459999084472656,35.459999084472656,1567500
2021-04-12,35.27000045776367,35.90999984741211,32.94499969482422,35.90999984741211,35.90999984741211,2665800
2021-04-13,36.0099983215332,37.40999984741211,34.54999923706055,37.290000915527344,37.290000915527344,2224100
2021-04-14,37.47999954223633,38.77000045776367,36.5,36.849998474121094,36.849998474121094,1941100
2021-04-15,37.459999084472656,37.88999938964844,34.45000076293945,36.34000015258789,36.34000015258789,2099500
2021-04-16,36.66999816894531,38.540000915527344,36.45000076293945,38.29999923706055,38.29999923706055,6831700
2021-04-19,37.529998779296875,37.709999084472656,34.09000015258789,34.959999084472656,34.959999084472656,2481600
2021-04-20,35.5,36.5,34.43000030517578,34.77000045776367,34.77000045776367,2490500
2021-04-21,34.45000076293945,37.689998626708984,33.58000183105469,37.630001068115234,37.630001068115234,1728800
2021-04-22,39.060001373291016,40.61000061035156,38.459999084472656,39.29999923706055,39.29999923706055,1930000
2021-04-23,39.650001525878906,40.65999984741211,38.959999084472656,39.90999984741211,39.90999984741211,1849300
2021-04-26,40.689998626708984,41.400001525878906,38.900001525878906,40.959999084472656,40.959999084472656,1348700
2021-04-27,40.630001068115234,41.70000076293945,40.209999084472656,40.459999084472656,40.459999084472656,1247400
2021-04-28,39.16999816894531,40.400001525878906,38.58000183105469,38.93000030517578,38.93000030517578,1951100
2021-04-29,39.099998474121094,40.0,35.59000015258789,37.25,37.25,2456500
2021-04-30,36.0,36.50699996948242,34.81999969482422,35.31999969482422,35.31999969482422,1952700
2021-05-03,35.810001373291016,36.470001220703125,34.66999816894531,34.79999923706055,34.79999923706055,1263200
2021-05-04,34.43000030517578,34.43000030517578,31.15999984741211,31.690000534057617,31.690000534057617,2769000
2021-05-05,31.889999389648438,32.52000045776367,30.280000686645508,31.110000610351562,31.110000610351562,2043000
2021-05-06,31.31999969482422,32.33000183105469,30.350000381469727,31.34000015258789,31.34000015258789,2939500
2021-05-07,32.56999969482422,34.040000915527344,31.575000762939453,31.81999969482422,31.81999969482422,1798500
2021-05-10,30.84000015258789,31.489999771118164,27.1299991607666,27.690000534057617,27.690000534057617,3895600
2021-05-11,25.06999969482422,29.6299991607666,25.0,28.65999984741211,28.65999984741211,2444600
2021-05-12,27.40999984741211,28.34000015258789,25.81999969482422,25.959999084472656,25.959999084472656,2825200
2021-05-13,26.790000915527344,27.264999389648438,25.6299991607666,26.799999237060547,26.799999237060547,2057000
2021-05-14,27.405000686645508,28.90999984741211,27.3799991607666,28.75,28.75,1637200
2021-05-17,25.709999084472656,26.809999465942383,24.6299991607666,26.600000381469727,26.600000381469727,6677300
2021-05-18,26.43000030517578,27.389999389648438,25.770000457763672,26.530000686645508,26.530000686645508,4908600
2021-05-19,25.75,27.90999984741211,25.510000228881836,27.8700008392334,27.8700008392334,4256700
2021-05-20,28.010000228881836,29.5,27.920000076293945,29.059999465942383,29.059999465942383,3388600
2021-05-21,29.43000030517578,30.023000717163086,28.270000457763672,28.93000030517578,28.93000030517578,2003300
2021-05-24,28.979999542236328,29.780000686645508,28.059999465942383,28.40999984741211,28.40999984741211,1745900
2021-05-25,28.850000381469727,28.979999542236328,27.329999923706055,27.8700008392334,27.8700008392334,2904800
2021-05-26,28.190000534057617,29.360000610351562,28.149999618530273,28.950000762939453,28.950000762939453,1485400
2021-05-27,29.209999084472656,29.209999084472656,28.1200008392334,29.1200008392334,29.1200008392334,2138300
2021-05-28,29.610000610351562,30.899999618530273,29.010000228881836,29.200000762939453,29.200000762939453,1607400
2021-06-01,29.389999389648438,30.100000381469727,27.93000030517578,28.690000534057617,28.690000534057617,1281800
2021-06-02,28.770000457763672,29.280000686645508,28.049999237060547,28.270000457763672,28.270000457763672,1555100
2021-06-03,28.34000015258789,28.479999542236328,27.15999984741211,27.809999465942383,27.809999465942383,2170600
2021-06-04,28.06999969482422,29.399999618530273,28.040000915527344,28.450000762939453,28.450000762939453,1136700
2021-06-07,28.170000076293945,29.450000762939453,27.600000381469727,29.149999618530273,29.149999618530273,1386400
2021-06-08,29.739999771118164,30.989999771118164,29.209999084472656,30.6200008392334,30.6200008392334,1697500
2021-06-09,30.739999771118164,31.6299991607666,30.049999237060547,30.170000076293945,30.170000076293945,1955000
2021-06-10,30.209999084472656,31.770000457763672,29.09000015258789,31.739999771118164,31.739999771118164,1712200
2021-06-11,32.08000183105469,32.97999954223633,31.290000915527344,31.809999465942383,31.809999465942383,2024700
2021-06-14,32.369998931884766,33.040000915527344,31.540000915527344,32.13999938964844,32.13999938964844,1606400
2021-06-15,32.189998626708984,32.470001220703125,30.768999099731445,32.0099983215332,32.0099983215332,1957000
2021-06-16,32.09000015258789,34.459999084472656,31.530000686645508,33.27000045776367,33.27000045776367,3632700
2021-06-17,33.0,35.810001373291016,32.970001220703125,35.540000915527344,35.540000915527344,3270300
2021-06-18,35.189998626708984,36.34000015258789,34.029998779296875,34.380001068115234,34.380001068115234,2787900
2021-06-21,34.09000015258789,34.779998779296875,32.709999084472656,34.20000076293945,34.20000076293945,2704100
2021-06-22,33.790000915527344,35.40999984741211,33.36000061035156,35.38999938964844,35.38999938964844,2075700
2021-06-23,35.5,38.119998931884766,35.13999938964844,37.66999816894531,37.66999816894531,3708300
2021-06-24,38.20000076293945,38.20000076293945,35.08000183105469,35.310001373291016,35.310001373291016,3834700
2021-06-25,36.470001220703125,37.01499938964844,35.40999984741211,35.95000076293945,35.95000076293945,6019900
2021-06-28,36.2599983215332,39.279998779296875,36.2400016784668,39.150001525878906,39.150001525878906,4732800
2021-06-29,39.150001525878906,39.83000183105469,37.790000915527344,37.810001373291016,37.810001373291016,2595600
2021-06-30,37.75,37.91999816894531,36.720001220703125,37.65999984741211,37.65999984741211,2031600
2021-07-01,37.83000183105469,37.97999954223633,36.380001068115234,37.599998474121094,37.599998474121094,2046500
2021-07-02,38.0,39.15800094604492,37.35499954223633,38.31999969482422,38.31999969482422,2136200
2021-07-06,38.189998626708984,39.9900016784668,37.41999816894531,39.18000030517578,39.18000030517578,2352700
2021-07-07,41.0,41.72999954223633,37.31999969482422,37.68000030517578,37.68000030517578,4014200
2021-07-08,36.0,37.310001373291016,34.33000183105469,35.95000076293945,35.95000076293945,4788100
2021-07-09,36.61000061035156,36.66999816894531,35.16999816894531,36.43000030517578,36.43000030517578,1865100
2021-07-12,36.720001220703125,37.810001373291016,36.029998779296875,37.650001525878906,37.650001525878906,1452200
2021-07-13,37.279998779296875,38.04999923706055,36.20000076293945,37.2400016784668,37.2400016784668,1843300
2021-07-14,37.619998931884766,37.900001525878906,34.0099983215332,34.43000030517578,34.43000030517578,2244700
2021-07-15,34.0099983215332,35.38999938964844,33.06999969482422,33.599998474121094,33.599998474121094,1994600
2021-07-16,33.779998779296875,34.27000045776367,32.90999984741211,33.2400016784668,33.2400016784668,1221800
2021-07-19,32.5,34.060001373291016,31.260000228881836,33.650001525878906,33.650001525878906,2094300
2021-07-20,34.3849983215332,35.66999816894531,32.900001525878906,35.02000045776367,35.02000045776367,1951700
2021-07-21,35.34000015258789,36.540000915527344,35.34000015258789,36.400001525878906,36.400001525878906,1559700
2021-07-22,36.59000015258789,36.959999084472656,34.90999984741211,35.54999923706055,35.54999923706055,1405900
2021-07-23,35.40999984741211,35.529998779296875,33.650001525878906,34.81999969482422,34.81999969482422,1018500
2021-07-26,34.6150016784668,35.30699920654297,32.4900016784668,33.790000915527344,33.790000915527344,1784300
2021-07-27,33.86000061035156,34.08000183105469,31.989999771118164,33.959999084472656,33.959999084472656,1308600
2021-07-28,34.099998474121094,36.349998474121094,33.29999923706055,35.54999923706055,35.54999923706055,2447000
2021-07-29,36.474998474121094,38.25,36.099998474121094,36.720001220703125,36.720001220703125,2772100
2021-07-30,36.47999954223633,39.08000183105469,35.63999938964844,38.099998474121094,38.099998474121094,2120800
2021-08-02,38.2599983215332,38.279998779296875,36.154998779296875,36.20000076293945,36.20000076293945,2148100
2021-08-03,36.34000015258789,37.82500076293945,36.29999923706055,37.75,37.75,1786200
2021-08-04,37.70000076293945,38.16999816894531,36.720001220703125,37.31999969482422,37.31999969482422,1032200
2021-08-05,37.119998931884766,38.060001373291016,36.599998474121094,37.0099983215332,37.0099983215332,821300
2021-08-06,36.5,37.25,35.380001068115234,35.9900016784668,35.9900016784668,975500
2021-08-09,36.2400016784668,38.42499923706055,36.09000015258789,37.939998626708984,37.939998626708984,1352600
2021-08-10,38.040000915527344,39.13999938964844,37.29999923706055,37.5099983215332,37.5099983215332,1475800
2021-08-11,37.34000015258789,37.52000045776367,35.290000915527344,36.619998931884766,36.619998931884766,1264900
2021-08-12,36.209999084472656,36.9900016784668,35.70000076293945,36.939998626708984,36.939998626708984,1051100
2021-08-13,36.79999923706055,37.0,33.970001220703125,34.02000045776367,34.02000045776367,1532800
2021-08-16,33.91999816894531,34.959999084472656,32.91999816894531,33.470001220703125,33.470001220703125,2059500
2021-08-17,33.0,33.0,30.600000381469727,31.829999923706055,31.829999923706055,2740200
2021-08-18,32.0,33.09000015258789,31.479999542236328,32.349998474121094,32.349998474121094,1365800
2021-08-19,31.799999237060547,32.59000015258789,31.200000762939453,31.969999313354492,31.969999313354492,1650300
2021-08-20,31.760000228881836,32.720001220703125,31.760000228881836,32.439998626708984,32.439998626708984,1371700
2021-08-23,32.619998931884766,34.665000915527344,32.56999969482422,34.459999084472656,34.459999084472656,1241500
2021-08-24,34.9900016784668,35.654998779296875,33.900001525878906,34.439998626708984,34.439998626708984,1896900
2021-08-25,34.220001220703125,36.15999984741211,33.959999084472656,35.31999969482422,35.31999969482422,1156400
2021-08-26,35.02000045776367,36.150001525878906,34.529998779296875,34.790000915527344,34.790000915527344,793500
2021-08-27,34.90999984741211,36.599998474121094,34.810001373291016,35.880001068115234,35.880001068115234,1290500
2021-08-30,36.52000045776367,37.220001220703125,35.75,36.560001373291016,36.560001373291016,1038100
2021-08-31,36.900001525878906,36.900001525878906,35.13999938964844,36.20000076293945,36.20000076293945,1525600
2021-09-01,37.20000076293945,37.78099822998047,36.7400016784668,36.880001068115234,36.880001068115234,1461800
2021-09-02,37.43000030517578,37.90999984741211,36.7400016784668,37.18000030517578,37.18000030517578,1021200
2021-09-03,37.02000045776367,37.43000030517578,35.459999084472656,35.56999969482422,35.56999969482422,1142200
2021-09-07,35.15999984741211,36.22999954223633,34.869998931884766,35.709999084472656,35.709999084472656,1554100
2021-09-08,36.79999923706055,37.470001220703125,35.0099983215332,35.439998626708984,35.439998626708984,1525400
2021-09-09,35.34000015258789,35.85900115966797,34.75,35.0,35.0,1621100
2021-09-10,35.650001525878906,36.3380012512207,35.11000061035156,35.20000076293945,35.20000076293945,1492100
2021-09-13,35.36000061035156,37.22999954223633,33.790000915527344,36.529998779296875,36.529998779296875,2147100
2021-09-14,36.540000915527344,37.34000015258789,35.369998931884766,35.849998474121094,35.849998474121094,1497800
2021-09-15,35.400001525878906,35.59000015258789,33.52000045776367,35.16999816894531,35.16999816894531,3793100
2021-09-16,34.720001220703125,35.439998626708984,34.52000045776367,34.83000183105469,34.83000183105469,1035000
2021-09-17,35.16999816894531,35.7400016784668,34.709999084472656,35.31999969482422,35.31999969482422,2952700
2021-09-20,34.25,34.81999969482422,32.630001068115234,33.220001220703125,33.220001220703125,1935000
2021-09-21,33.625,34.11000061035156,32.52000045776367,33.29999923706055,33.29999923706055,1788500
2021-09-22,33.2599983215332,34.88999938964844,33.0,34.04999923706055,34.04999923706055,1042700
2021-09-23,34.70000076293945,35.099998474121094,33.66999816894531,33.869998931884766,33.869998931884766,1074800
2021-09-24,33.529998779296875,33.95000076293945,32.84000015258789,32.900001525878906,32.900001525878906,1514700
2021-09-27,32.75,34.619998931884766,32.150001525878906,34.20000076293945,34.20000076293945,1571100
2021-09-28,34.13999938964844,34.20000076293945,33.0099983215332,33.09000015258789,33.09000015258789,1418000
2021-09-29,33.599998474121094,33.744998931884766,31.440000534057617,31.899999618530273,31.899999618530273,2075600
2021-09-30,32.119998931884766,34.04999923706055,31.979999542236328,32.939998626708984,32.939998626708984,2230200
2021-10-01,33.29999923706055,34.209999084472656,33.029998779296875,33.099998474121094,33.099998474121094,1377800
2021-10-04,32.849998474121094,33.060001373291016,30.729999542236328,31.110000610351562,31.110000610351562,1732900
2021-10-05,31.350000381469727,32.029998779296875,31.079999923706055,31.700000762939453,31.700000762939453,794400
2021-10-06,31.0,32.779998779296875,30.219999313354492,32.189998626708984,32.189998626708984,1609200
2021-10-07,32.47999954223633,34.84000015258789,32.47999954223633,34.380001068115234,34.380001068115234,2167200
2021-10-08,34.650001525878906,34.939998626708984,33.34000015258789,33.849998474121094,33.849998474121094,1118200
2021-10-11,34.439998626708984,36.119998931884766,34.16999816894531,35.959999084472656,35.959999084472656,1816400
2021-10-12,36.09000015258789,38.33000183105469,36.09000015258789,38.22999954223633,38.22999954223633,2370700
2021-10-13,38.79999923706055,39.560001373291016,37.84000015258789,39.52000045776367,39.52000045776367,1965100
2021-10-14,39.95000076293945,39.97999954223633,38.099998474121094,38.400001525878906,38.400001525878906,1739000
2021-10-15,39.22999954223633,39.7400016784668,37.76100158691406,38.099998474121094,38.099998474121094,3742300
2021-10-18,37.540000915527344,38.569000244140625,37.43000030517578,38.349998474121094,38.349998474121094,1072900
2021-10-19,39.20000076293945,41.54999923706055,38.900001525878906,40.40999984741211,40.40999984741211,2802800
2021-10-20,40.25,41.400001525878906,39.470001220703125,39.59000015258789,39.59000015258789,1906900
2021-10-21,39.66999816894531,40.45000076293945,39.29100036621094,39.900001525878906,39.900001525878906,1493000
2021-10-22,39.59000015258789,40.20000076293945,38.060001373291016,38.84000015258789,38.84000015258789,1655100
2021-10-25,39.209999084472656,40.59000015258789,39.0,40.34000015258789,40.34000015258789,1497600
2021-10-26,40.779998779296875,40.9900016784668,39.025001525878906,39.16999816894531,39.16999816894531,1482100
2021-10-27,41.41999816894531,43.81999969482422,40.720001220703125,42.459999084472656,42.459999084472656,4412100
2021-10-28,40.86000061035156,46.400001525878906,40.779998779296875,44.38999938964844,44.38999938964844,4042600
2021-10-29,44.90999984741211,45.689998626708984,43.4900016784668,44.560001373291016,44.560001373291016,2315400
2021-11-01,44.79999923706055,45.81999969482422,43.58000183105469,44.029998779296875,44.029998779296875,2566800
2021-11-02,41.66999816894531,42.43000030517578,40.89500045776367,41.33000183105469,41.33000183105469,4527300
2021-11-03,40.83000183105469,42.02000045776367,40.11000061035156,41.97999954223633,41.97999954223633,2330000
2021-11-04,42.13999938964844,43.439998626708984,41.310001373291016,43.16999816894531,43.16999816894531,1550500
2021-11-05,43.369998931884766,44.0,40.79999923706055,42.0,42.0,1874500
2021-11-08,42.56999969482422,43.33000183105469,42.04999923706055,42.720001220703125,42.720001220703125,1157900
2021-11-09,42.88999938964844,43.18000030517578,41.189998626708984,42.369998931884766,42.369998931884766,1555800
2021-11-10,42.029998779296875,42.61000061035156,40.20000076293945,40.81999969482422,40.81999969482422,1520100
2021-11-11,41.75,45.099998474121094,41.0,44.630001068115234,44.630001068115234,3359000
2021-11-12,44.119998931884766,44.720001220703125,41.595001220703125,42.86000061035156,42.86000061035156,3358000
2021-11-15,43.5099983215332,43.54999923706055,40.8650016784668,41.90999984741211,41.90999984741211,1443900
2021-11-16,41.439998626708984,41.7599983215332,40.220001220703125,40.93000030517578,40.93000030517578,1587300
2021-11-17,40.61000061035156,41.029998779296875,39.849998474121094,40.27000045776367,40.27000045776367,896200
2021-11-18,40.33000183105469,40.71500015258789,38.28300094604492,38.88999938964844,38.88999938964844,1248400
2021-11-19,38.61000061035156,41.619998931884766,38.61000061035156,41.08000183105469,41.08000183105469,2012100
2021-11-22,41.650001525878906,42.46200180053711,39.790000915527344,40.06999969482422,40.06999969482422,2006900
2021-11-23,39.68000030517578,40.185001373291016,37.959999084472656,38.880001068115234,38.880001068115234,1541500
2021-11-24,38.5,39.23500061035156,37.400001525878906,38.130001068115234,38.130001068115234,1209500
2021-11-26,36.900001525878906,37.54999923706055,35.47999954223633,36.54999923706055,36.54999923706055,1411200
2021-11-29,37.56999969482422,38.22999954223633,36.119998931884766,37.61000061035156,37.61000061035156,1253500
2021-11-30,37.20000076293945,37.779998779296875,35.5099983215332,36.970001220703125,36.970001220703125,2822800
2021-12-01,37.93000030517578,38.560001373291016,35.09000015258789,35.119998931884766,35.119998931884766,1875300
2021-12-02,34.70500183105469,36.66999816894531,34.34000015258789,34.70000076293945,34.70000076293945,2350100
2021-12-03,34.790000915527344,34.81800079345703,31.299999237060547,32.709999084472656,32.709999084472656,3652600
2021-12-06,32.900001525878906,33.709999084472656,31.1299991607666,32.84000015258789,32.84000015258789,1839500
2021-12-07,34.06999969482422,35.400001525878906,33.459999084472656,33.75,33.75,1763200
2021-12-08,33.65999984741211,33.80500030517578,32.88999938964844,32.9900016784668,32.9900016784668,2133800
2021-12-09,32.91999816894531,33.5,31.68000030517578,32.0,32.0,1763400
2021-12-10,32.45000076293945,33.36000061035156,31.92799949645996,32.90999984741211,32.90999984741211,1573900
2021-12-13,33.099998474121094,34.2599983215332,32.209999084472656,32.4900016784668,32.4900016784668,2695100
2021-12-14,31.530000686645508,31.700000762939453,28.059999465942383,29.0,29.0,5298400
2021-12-15,28.75,30.90999984741211,28.18000030517578,30.6200008392334,30.6200008392334,3601500
2021-12-16,30.59000015258789,31.290000915527344,27.18000030517578,27.469999313354492,27.469999313354492,3863100
2021-12-17,27.040000915527344,28.700000762939453,26.290000915527344,27.850000381469727,27.850000381469727,4452800
2021-12-20,25.65999984741211,27.350000381469727,25.040000915527344,25.190000534057617,25.190000534057617,3718600
2021-12-21,25.709999084472656,27.170000076293945,25.56999969482422,27.06999969482422,27.06999969482422,2234800
2021-12-22,26.690000534057617,27.2549991607666,25.739999771118164,26.3700008392334,26.3700008392334,2671700
2021-12-23,26.739999771118164,27.040000915527344,25.65999984741211,26.799999237060547,26.799999237060547,1965000
2021-12-27,27.239999771118164,27.31999969482422,26.06999969482422,26.290000915527344,26.290000915527344,1066800
2021-12-28,26.31999969482422,26.920000076293945,25.700000762939453,26.040000915527344,26.040000915527344,1031800
2021-12-29,26.719999313354492,27.350000381469727,25.850000381469727,27.049999237060547,27.049999237060547,2445400
2021-12-30,27.079999923706055,28.094999313354492,26.631000518798828,27.479999542236328,27.479999542236328,1731200
2021-12-31,27.639999389648438,28.40999984741211,27.200000762939453,27.920000076293945,27.920000076293945,1476700
2022-01-03,28.350000381469727,29.25,27.81999969482422,28.75,28.75,2740600
2022-01-04,28.889999389648438,29.079999923706055,26.149999618530273,26.700000762939453,26.700000762939453,3645600
2022-01-05,26.4950008392334,26.4950008392334,23.709999084472656,23.899999618530273,23.899999618530273,3599100
2022-01-06,24.010000228881836,24.219999313354492,22.06999969482422,23.81999969482422,23.81999969482422,4319400
2022-01-07,23.850000381469727,25.04199981689453,23.40999984741211,23.989999771118164,23.989999771118164,1944800
2022-01-10,23.290000915527344,23.920000076293945,22.309999465942383,23.8799991607666,23.8799991607666,2989300
2022-01-11,24.139999389648438,25.450000762939453,23.84000015258789,24.469999313354492,24.469999313354492,3112500
2022-01-12,24.93000030517578,25.5,24.420000076293945,24.610000610351562,24.610000610351562,2427900
2022-01-13,25.260000228881836,26.219999313354492,24.040000915527344,24.049999237060547,24.049999237060547,2160900
2022-01-14,23.6200008392334,24.389999389648438,22.889999389648438,23.59000015258789,23.59000015258789,2292700
2022-01-18,22.829999923706055,23.56999969482422,22.399999618530273,22.489999771118164,22.489999771118164,2860100
2022-01-19,22.40999984741211,23.049999237060547,21.510000228881836,21.549999237060547,21.549999237060547,2926800
2022-01-20,22.049999237060547,23.540000915527344,22.010000228881836,22.1299991607666,22.1299991607666,3077000
2022-01-21,21.809999465942383,22.010000228881836,19.90999984741211,20.290000915527344,20.290000915527344,3937100
2022-01-24,19.40999984741211,21.530000686645508,18.0,21.510000228881836,21.510000228881836,4180400
2022-01-25,20.579999923706055,21.329999923706055,19.610000610351562,20.399999618530273,20.399999618530273,4026500
2022-01-26,21.149999618530273,21.850000381469727,18.700000762939453,18.860000610351562,18.860000610351562,4935800
2022-01-27,19.209999084472656,19.600000381469727,17.610000610351562,17.739999771118164,17.739999771118164,3367500
2022-01-28,17.600000381469727,18.209999084472656,16.760000228881836,18.190000534057617,18.190000534057617,6048300
2022-01-31,18.25,19.65999984741211,18.1200008392334,19.65999984741211,19.65999984741211,5190700
2022-02-01,19.889999389648438,20.350000381469727,18.84000015258789,20.020000457763672,20.020000457763672,3016900
2022-02-02,20.450000762939453,20.75,18.961000442504883,19.030000686645508,19.030000686645508,2638600
2022-02-03,18.3700008392334,18.850000381469727,17.010000228881836,17.18000030517578,17.18000030517578,5162600
2022-02-04,17.3700008392334,18.888999938964844,16.799999237060547,18.670000076293945,18.670000076293945,4146100
2022-02-07,18.860000610351562,19.170000076293945,17.3700008392334,17.399999618530273,17.399999618530273,2615600
2022-02-08,17.149999618530273,18.040000915527344,17.131999969482422,17.979999542236328,17.979999542236328,3961900
2022-02-09,19.920000076293945,20.450000762939453,18.809999465942383,19.200000762939453,19.200000762939453,3631200
2022-02-10,18.540000915527344,20.09000015258789,18.299999237060547,18.469999313354492,18.469999313354492,2837600
2022-02-11,18.475000381469727,18.670000076293945,17.020000457763672,17.270000457763672,17.270000457763672,3371400
2022-02-14,17.239999771118164,17.729999542236328,16.81999969482422,17.139999389648438,17.139999389648438,2220500
2022-02-15,17.90999984741211,18.579999923706055,17.30500030517578,18.479999542236328,18.479999542236328,2228500
2022-02-16,18.059999465942383,18.280000686645508,17.459999084472656,18.149999618530273,18.149999618530273,1392100
2022-02-17,18.0,18.290000915527344,17.09000015258789,17.1200008392334,17.1200008392334,1971700
2022-02-18,17.010000228881836,17.06999969482422,15.800000190734863,15.869999885559082,15.869999885559082,2952400
2022-02-22,15.59000015258789,16.059999465942383,15.024999618530273,15.170000076293945,15.170000076293945,2225700
2022-02-23,15.25,15.770000457763672,14.8100004196167,14.960000038146973,14.960000038146973,2448400
2022-02-24,14.020000457763672,18.229999542236328,13.899999618530273,18.030000686645508,18.030000686645508,4489800
2022-02-25,17.93000030517578,18.260000228881836,17.18000030517578,18.260000228881836,18.260000228881836,2410200
2022-02-28,19.56999969482422,20.639999389648438,18.920000076293945,20.149999618530273,20.149999618530273,3995300
2022-03-01,20.469999313354492,21.0,19.81999969482422,20.549999237060547,20.549999237060547,2917900
2022-03-02,20.209999084472656,20.43000030517578,19.0,19.899999618530273,19.899999618530273,2129300
2022-03-03,20.079999923706055,20.350000381469727,18.850000381469727,18.969999313354492,18.969999313354492,1838500
2022-03-04,19.219999313354492,19.790000915527344,17.875,18.56999969482422,18.56999969482422,2948100
2022-03-07,19.59000015258789,21.649999618530273,19.200000762939453,20.979999542236328,20.979999542236328,5177800
2022-03-08,21.899999618530273,24.860000610351562,21.75,24.290000915527344,24.290000915527344,6216300
2022-03-09,23.75,24.899999618530273,23.06999969482422,24.639999389648438,24.639999389648438,4074400
2022-03-10,24.020000457763672,24.579999923706055,23.059999465942383,24.40999984741211,24.40999984741211,2169100
2022-03-11,24.459999084472656,25.350000381469727,22.940000534057617,23.149999618530273,23.149999618530273,2232900
2022-03-14,22.493999481201172,22.5,21.260000228881836,22.229999542236328,22.229999542236328,2736200
2022-03-15,22.25,22.976999282836914,21.010000228881836,22.690000534057617,22.690000534057617,3681100
2022-03-16,23.0,23.979999542236328,22.540000915527344,23.809999465942383,23.809999465942383,3038300
2022-03-17,23.549999237060547,24.93000030517578,23.25,24.739999771118164,24.739999771118164,2370200
2022-03-18,24.3799991607666,25.229999542236328,24.25,24.700000762939453,24.700000762939453,2727100
2022-03-21,24.350000381469727,25.03499984741211,23.799999237060547,24.729999542236328,24.729999542236328,1682400
2022-03-22,24.899999618530273,25.920000076293945,24.739999771118164,25.6299991607666,25.6299991607666,2501800
2022-03-23,25.049999237060547,26.520000457763672,24.540000915527344,25.559999465942383,25.559999465942383,1965800
2022-03-24,25.559999465942383,26.049999237060547,24.850000381469727,25.719999313354492,25.719999313354492,1458600
2022-03-25,25.780000686645508,25.780000686645508,24.170000076293945,24.760000228881836,24.760000228881836,1582900
2022-03-28,24.760000228881836,25.6200008392334,23.969999313354492,24.639999389648438,24.639999389648438,1842500
2022-03-29,25.0,26.350000381469727,24.760000228881836,25.93000030517578,25.93000030517578,1956700
2022-03-30,25.760000228881836,25.760000228881836,23.690000534057617,23.93000030517578,23.93000030517578,2603200
2022-03-31,23.75,24.399999618530273,23.0,23.059999465942383,23.059999465942383,2294000
2022-04-01,23.200000762939453,24.610000610351562,23.145000457763672,23.850000381469727,23.850000381469727,2032400
2022-04-04,24.219999313354492,25.586000442504883,23.89900016784668,25.459999084472656,25.459999084472656,1960100
2022-04-05,25.75,26.18000030517578,23.799999237060547,24.31999969482422,24.31999969482422,2251800
2022-04-06,23.75,23.989999771118164,22.43000030517578,23.399999618530273,23.399999618530273,2369300
2022-04-07,23.360000610351562,24.09000015258789,22.34000015258789,23.110000610351562,23.110000610351562,1704400
2022-04-08,22.90999984741211,23.270000457763672,21.80500030517578,21.90999984741211,21.90999984741211,2005700
2022-04-11,21.670000076293945,22.44499969482422,21.110000610351562,22.270000457763672,22.270000457763672,2510300
2022-04-12,22.8700008392334,23.170000076293945,21.3799991607666,21.389999389648438,21.389999389648438,2044400
2022-04-13,21.15999984741211,21.290000915527344,20.200000762939453,20.860000610351562,20.860000610351562,4749400
2022-04-14,20.899999618530273,21.360000610351562,19.360000610351562,19.3700008392334,19.3700008392334,2914000
2022-04-18,19.18000030517578,19.319000244140625,18.639999389648438,18.809999465942383,18.809999465942383,2539300
2022-04-19,18.950000762939453,19.670000076293945,18.670000076293945,19.25,19.25,3216900
2022-04-20,19.540000915527344,19.850000381469727,18.170000076293945,18.229999542236328,18.229999542236328,2950700
2022-04-21,18.420000076293945,19.1200008392334,16.385000228881836,16.40999984741211,16.40999984741211,3519800
2022-04-22,16.420000076293945,16.940000534057617,15.40999984741211,15.9399995803833,15.9399995803833,5277700
2022-04-25,15.600000381469727,16.850000381469727,15.239999771118164,16.549999237060547,16.549999237060547,4217100
2022-04-26,16.540000915527344,16.68400001525879,15.614999771118164,16.25,16.25,3486400
2022-04-27,16.780000686645508,17.579999923706055,16.190000534057617,16.510000228881836,16.510000228881836,4918900
2022-04-28,17.25,17.739999771118164,16.031999588012695,17.40999984741211,17.40999984741211,5575200
2022-04-29,17.239999771118164,18.1299991607666,16.950000762939453,17.270000457763672,17.270000457763672,2604400
2022-05-02,16.979999542236328,18.260000228881836,16.809999465942383,17.989999771118164,17.989999771118164,3785500
2022-05-03,17.709999084472656,19.225000381469727,17.709999084472656,18.520000457763672,18.520000457763672,2874000
2022-05-04,18.520000457763672,19.719999313354492,18.399999618530273,19.6200008392334,19.6200008392334,3208600
2022-05-05,19.639999389648438,19.889999389648438,18.520000457763672,18.969999313354492,18.969999313354492,2517600
2022-05-06,18.920000076293945,18.94300079345703,17.510000228881836,18.010000228881836,18.010000228881836,2657500
2022-05-09,17.360000610351562,17.469999313354492,15.444999694824219,15.770000457763672,15.770000457763672,2953000
2022-05-10,16.149999618530273,16.360000610351562,14.800000190734863,15.170000076293945,15.170000076293945,3591600
2022-05-11,15.020000457763672,15.020000457763672,13.180000305175781,13.25,13.25,4292700
2022-05-12,13.010000228881836,14.0,12.470000267028809,13.65999984741211,13.65999984741211,4533800
2022-05-13,14.260000228881836,15.819999694824219,14.119999885559082,15.680000305175781,15.680000305175781,2810300
2022-05-16,15.4399995803833,16.280000686645508,15.239999771118164,15.34000015258789,15.34000015258789,2151400
2022-05-17,15.989999771118164,16.281999588012695,15.3100004196167,16.239999771118164,16.239999771118164,2305700
2022-05-18,16.18000030517578,17.709999084472656,16.000999450683594,16.540000915527344,16.540000915527344,3655900
2022-05-19,16.549999237060547,17.610000610351562,16.540000915527344,17.389999389648438,17.389999389648438,3955800
2022-05-20,17.729999542236328,17.850000381469727,16.489999771118164,17.290000915527344,17.290000915527344,2172200
2022-05-23,17.520000457763672,17.850000381469727,16.547000885009766,17.639999389648438,17.639999389648438,1907900
2022-05-24,17.469999313354492,17.59000015258789,16.329999923706055,17.079999923706055,17.079999923706055,2195400
2022-05-25,17.149999618530273,18.940000534057617,16.790000915527344,18.770000457763672,18.770000457763672,3089200
2022-05-26,18.34000015258789,19.1200008392334,18.329999923706055,18.65999984741211,18.65999984741211,2553100
2022-05-27,18.959999084472656,20.600000381469727,18.959999084472656,20.459999084472656,20.459999084472656,1907900
2022-05-31,20.360000610351562,20.530000686645508,19.36199951171875,20.0,20.0,2573400
2022-06-01,20.299999237060547,20.610000610351562,19.34000015258789,19.65999984741211,19.65999984741211,2372700
2022-06-02,19.670000076293945,21.950000762939453,19.540000915527344,21.3700008392334,21.3700008392334,2285900
2022-06-03,20.940000534057617,22.06999969482422,20.770000457763672,21.3799991607666,21.3799991607666,1934400
2022-06-06,24.149999618530273,24.350000381469727,22.566999435424805,22.760000228881836,22.760000228881836,4911200
2022-06-07,22.440000534057617,23.299999237060547,22.239999771118164,23.209999084472656,23.209999084472656,1887400
2022-06-08,23.229999542236328,24.059999465942383,22.209999084472656,22.440000534057617,22.440000534057617,3054100
2022-06-09,22.0,23.3700008392334,21.841999053955078,22.309999465942383,22.309999465942383,1893700
2022-06-10,21.549999237060547,21.959999084472656,21.09000015258789,21.760000228881836,21.760000228881836,2142100
2022-06-13,20.709999084472656,20.952999114990234,18.639999389648438,18.979999542236328,18.979999542236328,3047700
2022-06-14,19.0,19.469999313354492,17.981000900268555,18.350000381469727,18.350000381469727,2283300
2022-06-15,18.149999618530273,19.8799991607666,18.06999969482422,19.559999465942383,19.559999465942383,3047000
2022-06-16,18.6200008392334,19.350000381469727,17.219999313354492,17.549999237060547,17.549999237060547,3187700
2022-06-17,18.100000381469727,19.889999389648438,17.93000030517578,19.760000228881836,19.760000228881836,3743200
2022-06-21,19.40999984741211,20.350000381469727,19.010000228881836,19.06999969482422,19.06999969482422,2669700
2022-06-22,18.440000534057617,20.040000915527344,18.3799991607666,19.229999542236328,19.229999542236328,3037900
2022-06-23,19.440000534057617,21.649999618530273,19.083999633789062,21.510000228881836,21.510000228881836,3336700
2022-06-24,21.729999542236328,21.969999313354492,19.579999923706055,20.200000762939453,20.200000762939453,5081100
2022-06-27,20.59000015258789,21.270000457763672,20.281999588012695,21.09000015258789,21.09000015258789,2843000
2022-06-28,21.079999923706055,21.18000030517578,18.667999267578125,18.68000030517578,18.68000030517578,1828900
2022-06-29,18.010000228881836,18.049999237060547,17.05500030517578,17.719999313354492,17.719999313354492,2832700
2022-06-30,17.399999618530273,18.7810001373291,17.010000228881836,18.43000030517578,18.43000030517578,2512700
2022-07-01,18.420000076293945,18.829999923706055,17.999000549316406,18.489999771118164,18.489999771118164,2476300
2022-07-05,18.0,19.020000457763672,17.020000457763672,19.020000457763672,19.020000457763672,3209400
2022-07-06,19.239999771118164,19.950000762939453,18.795000076293945,19.219999313354492,19.219999313354492,1576600
2022-07-07,19.469999313354492,20.90999984741211,19.350000381469727,20.690000534057617,20.690000534057617,2595100
2022-07-08,20.350000381469727,21.790000915527344,20.030000686645508,21.68000030517578,21.68000030517578,2641500
2022-07-11,21.540000915527344,21.579999923706055,19.854999542236328,19.940000534057617,19.940000534057617,1514800
2022-07-12,20.114999771118164,20.229999542236328,19.290000915527344,20.06999969482422,20.06999969482422,1842400
2022-07-13,19.690000534057617,20.34000015258789,18.979999542236328,19.959999084472656,19.959999084472656,1416200
2022-07-14,19.719999313354492,20.040000915527344,18.954999923706055,19.860000610351562,19.860000610351562,993600
2022-07-15,18.610000610351562,19.3700008392334,16.514999389648438,18.860000610351562,18.860000610351562,6321300
2022-07-18,19.3700008392334,20.260000228881836,19.290000915527344,19.729999542236328,19.729999542236328,2560900
2022-07-19,19.559999465942383,20.309999465942383,18.65999984741211,20.079999923706055,20.079999923706055,2155900
2022-07-20,20.56999969482422,21.149999618530273,19.780000686645508,20.15999984741211,20.15999984741211,3368400
2022-07-21,20.110000610351562,20.200000762939453,18.954999923706055,19.639999389648438,19.639999389648438,2278300
2022-07-22,19.969999313354492,20.68000030517578,18.809999465942383,19.030000686645508,19.030000686645508,1995300
2022-07-25,18.850000381469727,19.233999252319336,18.360000610351562,19.100000381469727,19.100000381469727,1565900
2022-07-26,18.8799991607666,18.8799991607666,18.239999771118164,18.309999465942383,18.309999465942383,1797200
2022-07-27,18.950000762939453,19.540000915527344,18.624000549316406,19.479999542236328,19.479999542236328,3196500
2022-07-28,25.979999542236328,27.559999465942383,22.420000076293945,24.920000076293945,24.920000076293945,15719700
2022-07-29,24.899999618530273,26.540000915527344,24.8799991607666,26.020000457763672,26.020000457763672,4173700
2022-08-01,25.530000686645508,25.65999984741211,23.260000228881836,24.209999084472656,24.209999084472656,4687700
2022-08-02,23.90999984741211,25.8700008392334,23.90999984741211,25.420000076293945,25.420000076293945,3648400
2022-08-03,25.31999969482422,25.540000915527344,23.34000015258789,25.290000915527344,25.290000915527344,2705100
2022-08-04,25.774999618530273,27.459999084472656,25.559999465942383,27.059999465942383,27.059999465942383,4703600
2022-08-05,28.709999084472656,28.934999465942383,26.420000076293945,27.579999923706055,27.579999923706055,5138700
2022-08-08,30.149999618530273,31.469999313354492,27.489999771118164,27.579999923706055,27.579999923706055,4890900
2022-08-09,26.610000610351562,28.100000381469727,26.260000228881836,27.360000610351562,27.360000610351562,3170700
2022-08-10,28.200000762939453,29.55500030517578,27.92300033569336,29.459999084472656,29.459999084472656,2798400
2022-08-11,30.18000030517578,30.18000030517578,27.940000534057617,28.059999465942383,28.059999465942383,2227100
2022-08-12,28.459999084472656,29.399999618530273,27.559999465942383,29.3799991607666,29.3799991607666,1711900
2022-08-15,29.3799991607666,29.924999237060547,28.170000076293945,29.780000686645508,29.780000686645508,2418400
2022-08-16,27.485000610351562,27.979999542236328,26.170000076293945,26.34000015258789,26.34000015258789,11512400
2022-08-17,25.719999313354492,26.059999465942383,24.78499984741211,25.3700008392334,25.3700008392334,10926300
2022-08-18,25.5,26.190000534057617,25.139999389648438,25.510000228881836,25.510000228881836,5660200
2022-08-19,24.809999465942383,25.31999969482422,24.1200008392334,25.1299991607666,25.1299991607666,4102100
2022-08-22,24.209999084472656,24.764999389648438,23.799999237060547,24.15999984741211,24.15999984741211,3288800
2022-08-23,24.540000915527344,25.209999084472656,24.110000610351562,24.68000030517578,24.68000030517578,1697000
2022-08-24,24.940000534057617,26.350000381469727,24.940000534057617,25.829999923706055,25.829999923706055,1877900
2022-08-25,26.100000381469727,26.295000076293945,25.3700008392334,26.229999542236328,26.229999542236328,1641500
2022-08-26,26.34000015258789,26.722000122070312,24.565000534057617,25.190000534057617,25.190000534057617,1890400
2022-08-29,24.610000610351562,25.850000381469727,24.459999084472656,25.100000381469727,25.100000381469727,1433200
2022-08-30,25.56999969482422,26.09000015258789,24.459999084472656,24.989999771118164,24.989999771118164,1829400
2022-08-31,25.450000762939453,25.68000030517578,24.40999984741211,25.219999313354492,25.219999313354492,1761800
2022-09-01,24.829999923706055,24.915000915527344,23.680999755859375,24.329999923706055,24.329999923706055,2171100
2022-09-02,24.59000015258789,24.700000762939453,23.350000381469727,23.799999237060547,23.799999237060547,1709100
2022-09-06,24.40999984741211,25.709999084472656,23.81999969482422,25.260000228881836,25.260000228881836,2435500
2022-09-07,25.459999084472656,28.027999877929688,25.239999771118164,27.639999389648438,27.639999389648438,4283200
2022-09-08,27.15999984741211,28.4689998626709,26.81999969482422,27.899999618530273,27.899999618530273,3671800
2022-09-09,28.329999923706055,28.489999771118164,27.049999237060547,28.1299991607666,28.1299991607666,1977100
2022-09-12,28.364999771118164,28.489999771118164,27.079999923706055,28.190000534057617,28.190000534057617,1638900
2022-09-13,26.670000076293945,28.84000015258789,26.31999969482422,27.809999465942383,27.809999465942383,2829600
2022-09-14,27.540000915527344,29.1299991607666,27.0,29.049999237060547,29.049999237060547,2017700
2022-09-15,28.344999313354492,28.989999771118164,27.520000457763672,27.68000030517578,27.68000030517578,2140300
2022-09-16,27.139999389648438,27.729999542236328,26.579999923706055,27.360000610351562,27.360000610351562,3090300
2022-09-19,27.290000915527344,28.065000534057617,26.959999084472656,27.700000762939453,27.700000762939453,5541800
2022-09-20,27.6200008392334,27.6200008392334,26.059999465942383,26.43000030517578,26.43000030517578,2211900
2022-09-21,26.610000610351562,28.020000457763672,26.139999389648438,26.489999771118164,26.489999771118164,1732700
2022-09-22,26.329999923706055,26.559999465942383,24.628000259399414,25.399999618530273,25.399999618530273,3042400
2022-09-23,24.56999969482422,24.969999313354492,23.43000030517578,24.729999542236328,24.729999542236328,3162400
2022-09-26,24.56999969482422,25.479999542236328,22.84000015258789,23.3700008392334,23.3700008392334,2876400
2022-09-27,23.989999771118164,25.139999389648438,23.940000534057617,24.100000381469727,24.100000381469727,2834200
2022-09-28,24.1200008392334,24.399999618530273,22.770000457763672,23.8700008392334,23.8700008392334,3152100
2022-09-29,23.239999771118164,23.8700008392334,21.475000381469727,22.020000457763672,22.020000457763672,2579800
2022-09-30,22.139999389648438,22.940000534057617,21.864999771118164,22.079999923706055,22.079999923706055,1977500
2022-10-03,22.540000915527344,23.5,21.68000030517578,22.93000030517578,22.93000030517578,2078300
2022-10-04,23.709999084472656,24.579999923706055,23.25,23.6299991607666,23.6299991607666,2472400
2022-10-05,23.139999389648438,23.219999313354492,21.780000686645508,22.450000762939453,22.450000762939453,3096100
2022-10-06,22.299999237060547,23.079999923706055,21.549999237060547,21.790000915527344,21.790000915527344,2273700
2022-10-07,21.239999771118164,21.604999542236328,20.75,20.979999542236328,20.979999542236328,2102500
2022-10-10,20.639999389648438,20.899999618530273,19.989999771118164,20.700000762939453,20.700000762939453,2294200
2022-10-11,20.149999618530273,20.950000762939453,19.530000686645508,20.639999389648438,20.639999389648438,3304100
2022-10-12,20.40999984741211,20.479999542236328,18.209999084472656,18.239999771118164,18.239999771118164,4537200
2022-10-13,17.440000534057617,18.8700008392334,16.93000030517578,18.15999984741211,18.15999984741211,5970800
2022-10-14,18.600000381469727,18.600000381469727,16.690000534057617,16.780000686645508,16.780000686645508,5452100
2022-10-17,17.360000610351562,17.90999984741211,16.975000381469727,17.139999389648438,17.139999389648438,3249000
2022-10-18,17.610000610351562,18.118000030517578,17.0,17.639999389648438,17.639999389648438,4495400
2022-10-19,17.579999923706055,17.579999923706055,15.739999771118164,15.899999618530273,15.899999618530273,4911100
2022-10-20,15.5,16.31999969482422,14.569999694824219,15.4399995803833,15.4399995803833,6513400
2022-10-21,15.319999694824219,16.059999465942383,14.819999694824219,15.760000228881836,15.760000228881836,6213000
2022-10-24,15.760000228881836,16.006999969482422,14.850000381469727,15.670000076293945,15.670000076293945,3384000
2022-10-25,15.75,17.424999237060547,15.75,17.030000686645508,17.030000686645508,4393100
2022-10-26,17.350000381469727,17.739999771118164,16.850000381469727,16.959999084472656,16.959999084472656,5099300
2022-10-27,16.600000381469727,18.920000076293945,16.5,18.670000076293945,18.670000076293945,7361300
2022-10-28,18.850000381469727,19.040000915527344,17.600000381469727,17.65999984741211,17.65999984741211,4287700
2022-10-31,17.6299991607666,18.719999313354492,17.450000762939453,18.540000915527344,18.540000915527344,2808800
2022-11-01,18.790000915527344,19.559999465942383,18.6200008392334,18.700000762939453,18.700000762939453,2719700
2022-11-02,18.65999984741211,19.415000915527344,17.649999618530273,17.739999771118164,17.739999771118164,3491000
2022-11-03,17.549999237060547,20.34000015258789,17.549999237060547,19.450000762939453,19.450000762939453,4447000
2022-11-04,19.790000915527344,20.239999771118164,17.5,18.600000381469727,18.600000381469727,3179000
2022-11-07,18.65999984741211,18.65999984741211,17.579999923706055,18.0,18.0,2798400
2022-11-08,18.399999618530273,19.920000076293945,18.299999237060547,19.139999389648438,19.139999389648438,3916500
2022-11-09,19.040000915527344,20.399999618530273,19.0,19.239999771118164,19.239999771118164,4492000
2022-11-10,21.040000915527344,24.81999969482422,20.81999969482422,23.030000686645508,23.030000686645508,8314800
2022-11-11,22.65999984741211,23.700000762939453,22.135000228881836,22.200000762939453,22.200000762939453,4208400
2022-11-14,22.280000686645508,22.65999984741211,20.959999084472656,22.030000686645508,22.030000686645508,2685600
2022-11-15,23.739999771118164,24.209999084472656,22.969999313354492,23.280000686645508,23.280000686645508,3113100
2022-11-16,22.815000534057617,23.700000762939453,22.559999465942383,23.420000076293945,23.420000076293945,1955600
2022-11-17,22.579999923706055,24.110000610351562,21.8799991607666,23.790000915527344,23.790000915527344,4206100
2022-11-18,24.149999618530273,24.149999618530273,21.520000457763672,22.18000030517578,22.18000030517578,3958000
2022-11-21,21.809999465942383,22.149999618530273,20.670000076293945,22.0,22.0,2827400
2022-11-22,22.139999389648438,23.040000915527344,21.799999237060547,22.479999542236328,22.479999542236328,2415000
2022-11-23,22.459999084472656,23.270000457763672,22.420000076293945,23.049999237060547,23.049999237060547,1685300
2022-11-25,22.770000457763672,23.90999984741211,22.760000228881836,23.43000030517578,23.43000030517578,913800
2022-11-28,23.219999313354492,23.530000686645508,22.299999237060547,22.610000610351562,22.610000610351562,2453500
2022-11-29,22.8799991607666,22.889999389648438,21.290000915527344,21.360000610351562,21.360000610351562,2310900
2022-11-30,21.56999969482422,22.850000381469727,21.5,22.829999923706055,22.829999923706055,2377900
2022-12-01,22.9950008392334,23.25,21.854999542236328,21.969999313354492,21.969999313354492,2311000
2022-12-02,21.469999313354492,23.139999389648438,21.399999618530273,22.59000015258789,22.59000015258789,2991800
2022-12-05,22.354999542236328,22.65999984741211,21.75,22.040000915527344,22.040000915527344,1740700
2022-12-06,21.920000076293945,21.920000076293945,20.719999313354492,21.290000915527344,21.290000915527344,2346600
2022-12-07,21.200000762939453,21.979999542236328,20.75,21.0,21.0,1982100
2022-12-08,21.18000030517578,21.549999237060547,20.389999389648438,20.399999618530273,20.399999618530273,1706100
2022-12-09,20.200000762939453,21.030000686645508,20.110000610351562,20.200000762939453,20.200000762939453,1374100
2022-12-12,20.200000762939453,21.1200008392334,20.1299991607666,21.0,21.0,1447400
2022-12-13,22.219999313354492,24.0,21.979999542236328,22.510000228881836,22.510000228881836,3090100
2022-12-14,22.489999771118164,23.760000228881836,22.46500015258789,23.09000015258789,23.09000015258789,2638200
2022-12-15,23.09000015258789,23.920000076293945,22.229999542236328,22.68000030517578,22.68000030517578,2974600
2022-12-16,22.059999465942383,22.15999984741211,20.829999923706055,21.450000762939453,21.450000762939453,4840700
2022-12-19,21.559999465942383,21.559999465942383,20.094999313354492,20.219999313354492,20.219999313354492,1786900
2022-12-20,19.829999923706055,20.209999084472656,19.270000457763672,19.3700008392334,19.3700008392334,3568200
2022-12-21,19.530000686645508,19.989999771118164,18.922000885009766,19.729999542236328,19.729999542236328,2465000
2022-12-22,19.40999984741211,19.670000076293945,17.850000381469727,18.399999618530273,18.399999618530273,2154500
2022-12-23,18.290000915527344,18.969999313354492,18.06999969482422,18.40999984741211,18.40999984741211,1533500
2022-12-27,18.260000228881836,18.329999923706055,17.389999389648438,17.670000076293945,17.670000076293945,1873800
2022-12-28,17.850000381469727,17.850000381469727,17.1200008392334,17.219999313354492,17.219999313354492,1826400
2022-12-29,17.649999618530273,18.295000076293945,17.440000534057617,17.850000381469727,17.850000381469727,2034200
2022-12-30,17.540000915527344,18.09000015258789,17.389999389648438,18.010000228881836,18.010000228881836,1650500
2023-01-03,18.209999084472656,19.059999465942383,17.270000457763672,17.559999465942383,17.559999465942383,3400100
2023-01-04,17.739999771118164,18.440000534057617,17.670000076293945,18.209999084472656,18.209999084472656,1890900
2023-01-05,17.9950008392334,17.9950008392334,16.850000381469727,17.100000381469727,17.100000381469727,3542100
2023-01-06,17.530000686645508,17.940000534057617,16.90999984741211,17.65999984741211,17.65999984741211,3147300
2023-01-09,17.989999771118164,18.43000030517578,17.399999618530273,17.420000076293945,17.420000076293945,4141500
2023-01-10,17.479999542236328,18.190000534057617,16.950000762939453,18.010000228881836,18.010000228881836,3840500
2023-01-11,18.0049991607666,19.59000015258789,18.0049991607666,19.579999923706055,19.579999923706055,3394100
2023-01-12,19.790000915527344,20.520000457763672,19.344999313354492,20.450000762939453,20.450000762939453,2663000
2023-01-13,20.239999771118164,21.405000686645508,20.079999923706055,21.25,21.25,2232600
2023-01-17,21.30500030517578,22.15999984741211,20.881999969482422,21.760000228881836,21.760000228881836,2760500
2023-01-18,21.90999984741211,22.639999389648438,21.3700008392334,21.81999969482422,21.81999969482422,2038600
2023-01-19,21.200000762939453,21.229999542236328,18.450000762939453,19.059999465942383,19.059999465942383,7152300
2023-01-20,19.219999313354492,19.56999969482422,18.100000381469727,19.440000534057617,19.440000534057617,5180300
2023-01-23,19.40999984741211,21.0049991607666,19.06999969482422,20.520000457763672,20.520000457763672,3637700
2023-01-24,20.239999771118164,20.559999465942383,19.649999618530273,20.149999618530273,20.149999618530273,1586400
2023-01-25,19.049999237060547,19.170000076293945,17.649999618530273,18.639999389648438,18.639999389648438,4454800
2023-01-26,18.854999542236328,18.989999771118164,17.583999633789062,18.110000610351562,18.110000610351562,3922400
2023-01-27,17.989999771118164,19.739999771118164,17.739999771118164,19.209999084472656,19.209999084472656,4018000
2023-01-30,18.860000610351562,19.58799934387207,18.600000381469727,18.75,18.75,2873200
2023-01-31,18.825000762939453,19.579999923706055,18.690000534057617,19.479999542236328,19.479999542236328,2431100
2023-02-01,19.260000228881836,20.40999984741211,18.672000885009766,20.079999923706055,20.079999923706055,3322600
2023-02-02,20.450000762939453,21.040000915527344,19.979999542236328,20.81999969482422,20.81999969482422,5139600
2023-02-03,20.100000381469727,20.3799991607666,19.1299991607666,19.350000381469727,19.350000381469727,3271400
2023-02-06,18.959999084472656,19.459999084472656,18.579999923706055,19.06999969482422,19.06999969482422,3392500
2023-02-07,18.75,18.950000762939453,18.18000030517578,18.8799991607666,18.8799991607666,2697700
2023-02-08,19.079999923706055,19.309999465942383,18.040000915527344,18.239999771118164,18.239999771118164,3440100
2023-02-09,18.354999542236328,18.559999465942383,17.155000686645508,17.25,17.25,3093900
2023-02-10,17.09000015258789,17.440000534057617,16.65999984741211,17.010000228881836,17.010000228881836,2578100
2023-02-13,17.049999237060547,17.735000610351562,16.520000457763672,17.59000015258789,17.59000015258789,2001000
2023-02-14,16.979999542236328,17.610000610351562,16.540000915527344,17.530000686645508,17.530000686645508,2772600
2023-02-15,17.459999084472656,18.5,17.34000015258789,18.489999771118164,18.489999771118164,2493200
2023-02-16,18.049999237060547,18.93000030517578,17.739999771118164,17.790000915527344,17.790000915527344,2462600
2023-02-17,17.610000610351562,18.09000015258789,17.260000228881836,18.030000686645508,18.030000686645508,2395000
2023-02-21,17.704999923706055,17.766000747680664,16.3700008392334,16.940000534057617,16.940000534057617,5022100
2023-02-22,16.770000457763672,17.1299991607666,16.34000015258789,16.889999389648438,16.889999389648438,4949600
2023-02-23,18.280000686645508,18.700000762939453,16.700000762939453,17.530000686645508,17.530000686645508,5152700
2023-02-24,16.8799991607666,17.040000915527344,15.920000076293945,16.59000015258789,16.59000015258789,3971200
2023-02-27,16.809999465942383,17.549999237060547,16.6200008392334,17.3700008392334,17.3700008392334,2601200
2023-02-28,17.25,18.167999267578125,17.149999618530273,17.780000686645508,17.780000686645508,2385900
2023-03-01,17.780000686645508,18.40999984741211,17.299999237060547,17.600000381469727,17.600000381469727,2803800
2023-03-02,17.655000686645508,17.770000457763672,17.030000686645508,17.299999237060547,17.299999237060547,3570900
2023-03-03,17.399999618530273,18.5,17.399999618530273,18.239999771118164,18.239999771118164,3030200
2023-03-06,18.489999771118164,20.260000228881836,18.389999389648438,19.010000228881836,19.010000228881836,3219100
2023-03-07,18.989999771118164,19.260000228881836,18.229999542236328,18.700000762939453,18.700000762939453,3362900
2023-03-08,18.709999084472656,18.709999084472656,17.7450008392334,18.18000030517578,18.18000030517578,3140500
2023-03-09,18.239999771118164,18.760000228881836,17.2549991607666,17.43000030517578,17.43000030517578,2684100
2023-03-10,17.299999237060547,17.389999389648438,15.270000457763672,16.309999465942383,16.309999465942383,7914200
2023-03-13,16.329999923706055,17.309999465942383,15.220000267028809,16.81999969482422,16.81999969482422,4499300
2023-03-14,17.18000030517578,17.889999389648438,15.5600004196167,16.149999618530273,16.149999618530273,4876800
2023-03-15,15.649999618530273,15.800000190734863,14.369999885559082,15.229999542236328,15.229999542236328,6127500
2023-03-16,15.0,15.010000228881836,14.170000076293945,14.699999809265137,14.699999809265137,4510800
2023-03-17,14.40999984741211,14.460000038146973,12.470000267028809,12.930000305175781,12.930000305175781,9529400
2023-03-20,13.050000190734863,13.40999984741211,12.460000038146973,12.6899995803833,12.6899995803833,8208700
2023-03-21,13.359999656677246,14.645000457763672,13.25,14.430000305175781,14.430000305175781,7695200
2023-03-22,14.25,14.350000381469727,13.4399995803833,13.529999732971191,13.529999732971191,4999500
2023-03-23,13.5600004196167,14.84000015258789,12.824999809265137,13.229999542236328,13.229999542236328,4501600
2023-03-24,13.140000343322754,13.515000343322754,12.84000015258789,13.170000076293945,13.170000076293945,3398500
2023-03-27,13.430000305175781,13.6899995803833,12.710000038146973,13.0600004196167,13.0600004196167,3330100
2023-03-28,13.1899995803833,13.1899995803833,12.585000038146973,12.6899995803833,12.6899995803833,4338200
2023-03-29,12.984999656677246,14.055000305175781,12.569999694824219,13.920000076293945,13.920000076293945,3960400
2023-03-30,14.399999618530273,15.300000190734863,14.380000114440918,14.390000343322754,14.390000343322754,5484600
2023-03-31,14.510000228881836,15.914999961853027,14.510000228881836,15.619999885559082,15.619999885559082,4444800
2023-04-03,16.56999969482422,16.56999969482422,15.109999656677246,15.479999542236328,15.479999542236328,4214500
2023-04-04,15.75,16.135000228881836,15.164999961853027,15.510000228881836,15.510000228881836,3003700
2023-04-05,15.399999618530273,15.880000114440918,14.329999923706055,14.869999885559082,14.869999885559082,2944100
2023-04-06,14.869999885559082,14.989999771118164,14.279999732971191,14.739999771118164,14.739999771118164,3959700
2023-04-10,14.609999656677246,15.585000038146973,14.595000267028809,15.569999694824219,15.569999694824219,3569300
2023-04-11,15.510000228881836,16.329999923706055,15.270000457763672,16.0,16.0,4619300
2023-04-12,16.360000610351562,16.670000076293945,15.59000015258789,15.609999656677246,15.609999656677246,2998100
2023-04-13,15.579999923706055,16.56999969482422,15.470000267028809,16.479999542236328,16.479999542236328,3128500
2023-04-14,16.405000686645508,16.459999084472656,15.220000267028809,15.850000381469727,15.850000381469727,3651900
2023-04-17,16.059999465942383,17.110000610351562,16.010000228881836,16.549999237060547,16.549999237060547,4276700
2023-04-18,16.950000762939453,16.950000762939453,15.75,16.139999389648438,16.139999389648438,3798400
2023-04-19,16.049999237060547,16.149999618530273,15.529999732971191,15.829999923706055,15.829999923706055,2927900
2023-04-20,15.59000015258789,18.239999771118164,15.510000228881836,18.149999618530273,18.149999618530273,14189500
2023-04-21,18.329999923706055,19.329999923706055,17.950000762939453,18.040000915527344,18.040000915527344,12174500
2023-04-24,18.010000228881836,19.0,17.68000030517578,18.59000015258789,18.59000015258789,5100500
2023-04-25,18.399999618530273,18.722000122070312,17.799999237060547,17.84000015258789,17.84000015258789,5554800
2023-04-26,16.719999313354492,17.360000610351562,16.049999237060547,16.31999969482422,16.31999969482422,8185700
2023-04-27,17.979999542236328,18.93000030517578,17.700000762939453,18.18000030517578,18.18000030517578,9331900
2023-04-28,17.975000381469727,18.530000686645508,17.45800018310547,17.959999084472656,17.959999084472656,4853200
2023-05-01,17.780000686645508,18.094999313354492,17.135000228881836,17.229999542236328,17.229999542236328,3897800
2023-05-02,17.190000534057617,17.229999542236328,16.170000076293945,16.260000228881836,16.260000228881836,3133100
2023-05-03,16.229999542236328,16.93000030517578,16.02199935913086,16.34000015258789,16.34000015258789,3398500
2023-05-04,16.40999984741211,16.559999465942383,14.15999984741211,15.0,15.0,6909100
2023-05-05,15.210000038146973,15.850000381469727,14.689000129699707,15.75,15.75,4292600
2023-05-08,16.065000534057617,16.239999771118164,15.444999694824219,15.460000038146973,15.460000038146973,3447000
2023-05-09,15.140000343322754,15.529999732971191,14.720000267028809,15.329999923706055,15.329999923706055,3408000
2023-05-10,15.675000190734863,16.309999465942383,15.399999618530273,16.06999969482422,16.06999969482422,3169000
2023-05-11,15.920000076293945,16.170000076293945,15.503999710083008,15.989999771118164,15.989999771118164,3389100
2023-05-12,16.270000457763672,16.950000762939453,15.25,15.850000381469727,15.850000381469727,4205900
2023-05-15,15.720000267028809,16.420000076293945,15.4399995803833,16.110000610351562,16.110000610351562,3319400
2023-05-16,15.979999542236328,15.979999542236328,15.175000190734863,15.270000457763672,15.270000457763672,3654600
2023-05-17,15.199999809265137,16.06999969482422,14.881999969482422,15.859999656677246,15.859999656677246,3603900
2023-05-18,15.609999656677246,15.729999542236328,15.09000015258789,15.300000190734863,15.300000190734863,2746200
2023-05-19,15.529999732971191,15.550000190734863,13.989999771118164,14.34000015258789,14.34000015258789,3939600
2023-05-22,14.369999885559082,15.600000381469727,14.25,15.59000015258789,15.59000015258789,3887700
2023-05-23,15.65999984741211,16.950000762939453,15.65999984741211,16.229999542236328,16.229999542236328,5006600
2023-05-24,15.850000381469727,16.239999771118164,15.460000038146973,16.139999389648438,16.139999389648438,3478100
2023-05-25,16.1200008392334,16.3700008392334,15.819999694824219,16.18000030517578,16.18000030517578,2953200
2023-05-26,16.209999084472656,16.565000534057617,15.529999732971191,16.479999542236328,16.479999542236328,2426100
2023-05-30,16.75,17.78499984741211,16.75,17.68000030517578,17.68000030517578,3177900
2023-05-31,17.600000381469727,17.770000457763672,16.719999313354492,17.65999984741211,17.65999984741211,2725900
2023-06-01,17.75,18.350000381469727,17.510000228881836,18.15999984741211,18.15999984741211,4184000
2023-06-02,18.540000915527344,18.579999923706055,17.725000381469727,17.90999984741211,17.90999984741211,2861700
2023-06-05,17.709999084472656,18.299999237060547,17.530000686645508,17.940000534057617,17.940000534057617,1705500
2023-06-06,17.815000534057617,18.31999969482422,17.520000457763672,17.709999084472656,17.709999084472656,2009600
2023-06-07,18.170000076293945,18.510000228881836,17.645000457763672,17.899999618530273,17.899999618530273,2819600
2023-06-08,17.780000686645508,18.059999465942383,17.420000076293945,17.8799991607666,17.8799991607666,2059400
2023-06-09,18.209999084472656,18.325000762939453,17.479999542236328,17.489999771118164,17.489999771118164,1705400
2023-06-12,17.399999618530273,18.25,17.065000534057617,18.239999771118164,18.239999771118164,2076500
2023-06-13,18.450000762939453,19.149999618530273,18.34000015258789,18.899999618530273,18.899999618530273,3065600
2023-06-14,19.1200008392334,19.239999771118164,18.290000915527344,18.479999542236328,18.479999542236328,3069800
2023-06-15,18.25,19.530000686645508,18.229999542236328,19.520000457763672,19.520000457763672,3387100
2023-06-16,19.68000030517578,19.790000915527344,18.709999084472656,18.760000228881836,18.760000228881836,3371300
2023-06-20,18.75,19.020000457763672,18.079999923706055,18.229999542236328,18.229999542236328,2385900
2023-06-21,18.145000457763672,18.760000228881836,17.959999084472656,18.6200008392334,18.6200008392334,2044500
2023-06-22,18.399999618530273,18.7549991607666,17.75,18.389999389648438,18.389999389648438,2732100
2023-06-23,18.075000762939453,18.540000915527344,17.98699951171875,18.200000762939453,18.200000762939453,4422000
2023-06-26,18.299999237060547,19.53499984741211,18.25,18.75,18.75,3109500
2023-06-27,18.920000076293945,19.219999313354492,18.56999969482422,19.040000915527344,19.040000915527344,2217000
2023-06-28,18.989999771118164,19.469999313354492,18.71500015258789,18.860000610351562,18.860000610351562,1981900
2023-06-29,19.010000228881836,19.329999923706055,17.65999984741211,17.739999771118164,17.739999771118164,3463400
2023-06-30,18.06999969482422,18.614999771118164,17.559999465942383,18.309999465942383,18.309999465942383,4026600
2023-07-03,18.450000762939453,18.940000534057617,17.9950008392334,18.299999237060547,18.299999237060547,1544000
2023-07-05,18.1299991607666,18.790000915527344,17.90999984741211,18.459999084472656,18.459999084472656,2958100
2023-07-06,18.020000457763672,18.040000915527344,16.770000457763672,16.93000030517578,16.93000030517578,4669400
2023-07-07,17.03499984741211,18.065000534057617,17.03499984741211,17.760000228881836,17.760000228881836,2783100
2023-07-10,17.65999984741211,18.93000030517578,17.65999984741211,18.780000686645508,18.780000686645508,4021600
2023-07-11,18.989999771118164,19.8700008392334,18.524999618530273,19.770000457763672,19.770000457763672,3635400
2023-07-12,20.420000076293945,21.25,20.399999618530273,20.920000076293945,20.920000076293945,5165400
2023-07-13,21.200000762939453,21.8799991607666,21.139999389648438,21.65999984741211,21.65999984741211,3760100
2023-07-14,21.549999237060547,22.0,20.90999984741211,21.010000228881836,21.010000228881836,3546500
2023-07-17,21.309999465942383,23.270000457763672,21.020000457763672,22.90999984741211,22.90999984741211,5607600
2023-07-18,23.290000915527344,24.559999465942383,23.0,23.43000030517578,23.43000030517578,6628300
2023-07-19,23.649999618530273,24.100000381469727,22.799999237060547,23.260000228881836,23.260000228881836,4026200
2023-07-20,22.809999465942383,22.899999618530273,21.825000762939453,22.579999923706055,22.579999923706055,3518300
2023-07-21,22.1200008392334,22.280000686645508,21.15999984741211,21.440000534057617,21.440000534057617,4529900
2023-07-24,21.559999465942383,21.709999084472656,20.920000076293945,21.040000915527344,21.040000915527344,2798800
2023-07-25,21.020000457763672,21.280000686645508,20.700000762939453,20.700000762939453,20.700000762939453,1907900
2023-07-26,19.860000610351562,20.850000381469727,19.770000457763672,20.5,20.5,5876700
2023-07-27,19.399999618530273,19.559999465942383,17.4950008392334,18.100000381469727,18.100000381469727,14594400
2023-07-28,18.110000610351562,18.209999084472656,17.30500030517578,17.940000534057617,17.940000534057617,5497000
2023-07-31,17.450000762939453,18.489999771118164,17.450000762939453,17.65999984741211,17.65999984741211,3991800
2023-08-01,17.559999465942383,18.184999465942383,17.479999542236328,17.729999542236328,17.729999542236328,4339800
2023-08-02,17.170000076293945,17.329999923706055,16.53499984741211,16.59000015258789,16.59000015258789,4336500
2023-08-03,16.729999542236328,17.690000534057617,16.454999923706055,16.540000915527344,16.540000915527344,6052300
2023-08-04,16.65999984741211,16.920000076293945,15.600000381469727,15.649999618530273,15.649999618530273,3963300
2023-08-07,15.479999542236328,15.770000457763672,14.9399995803833,15.75,15.75,5875900
2023-08-08,15.270000457763672,15.550000190734863,14.960000038146973,15.529999732971191,15.529999732971191,4272200
2023-08-09,15.539999961853027,16.53499984741211,15.40999984741211,16.459999084472656,16.459999084472656,3932800
2023-08-10,16.399999618530273,16.780000686645508,15.545000076293945,15.720000267028809,15.720000267028809,3887100
2023-08-11,15.460000038146973,15.899999618530273,15.354999542236328,15.569999694824219,15.569999694824219,3772800
2023-08-14,15.619999885559082,16.459999084472656,14.829999923706055,16.200000762939453,16.200000762939453,6574700
2023-08-15,15.914999961853027,15.914999961853027,14.890000343322754,15.010000228881836,15.010000228881836,5794400
2023-08-16,14.869999885559082,15.0,14.239999771118164,14.260000228881836,14.260000228881836,5121200
2023-08-17,14.3100004196167,14.460000038146973,13.5,13.5,13.5,5269400
2023-08-18,13.244999885559082,13.65999984741211,13.104999542236328,13.350000381469727,13.350000381469727,4494100
2023-08-21,13.359999656677246,13.510000228881836,12.720000267028809,12.729999542236328,12.729999542236328,4005100
2023-08-22,12.859999656677246,13.09000015258789,12.635000228881836,12.800000190734863,12.800000190734863,5900600
2023-08-23,12.850000381469727,13.399999618530273,12.680000305175781,13.260000228881836,13.260000228881836,4009700
2023-08-24,13.100000381469727,13.350000381469727,12.5649995803833,12.819999694824219,12.819999694824219,3244800
2023-08-25,12.90999984741211,13.510000228881836,12.78499984741211,13.289999961853027,13.289999961853027,3637300
2023-08-28,13.5600004196167,13.770000457763672,12.760000228881836,12.869999885559082,12.869999885559082,2803700
2023-08-29,12.779999732971191,14.329999923706055,12.600000381469727,14.119999885559082,14.119999885559082,4558300
2023-08-30,14.119999885559082,14.380000114440918,13.699999809265137,13.779999732971191,13.779999732971191,2798600
2023-08-31,13.899999618530273,14.1850004196167,13.765000343322754,13.90999984741211,13.90999984741211,2397700
2023-09-01,14.279999732971191,14.5600004196167,13.850000381469727,14.029999732971191,14.029999732971191,2915800
2023-09-05,13.869999885559082,14.260000228881836,13.59000015258789,14.09000015258789,14.09000015258789,3330200
2023-09-06,13.960000038146973,14.010000228881836,13.470000267028809,13.920000076293945,13.920000076293945,2693500
2023-09-07,13.579999923706055,13.609999656677246,12.885000228881836,13.170000076293945,13.170000076293945,3454600
2023-09-08,13.09000015258789,13.180000305175781,12.819999694824219,12.989999771118164,12.989999771118164,3828100
2023-09-11,12.930000305175781,13.109999656677246,12.545000076293945,12.699999809265137,12.699999809265137,2344700
2023-09-12,12.539999961853027,13.979999542236328,12.529999732971191,13.75,13.75,4704400
2023-09-13,13.699999809265137,13.84000015258789,12.930000305175781,12.970000267028809,12.970000267028809,3569600
2023-09-14,13.319999694824219,13.8100004196167,13.149999618530273,13.579999923706055,13.579999923706055,4101100
2023-09-15,13.449999809265137,13.664999961853027,12.739999771118164,12.859999656677246,12.859999656677246,4199500
2023-09-18,12.829999923706055,12.84000015258789,11.770000457763672,11.819999694824219,11.819999694824219,6027900
2023-09-19,11.680000305175781,12.175000190734863,11.569999694824219,11.670000076293945,11.670000076293945,4697100
2023-09-20,11.380000114440918,12.470000267028809,11.34000015258789,11.680000305175781,11.680000305175781,6550400
2023-09-21,11.319999694824219,11.390000343322754,10.779999732971191,10.829999923706055,10.829999923706055,5259600
2023-09-22,10.970000267028809,11.220000267028809,10.649999618530273,10.84000015258789,10.84000015258789,4863000
2023-09-25,10.670000076293945,11.270000457763672,10.614999771118164,10.949999809265137,10.949999809265137,3937900
2023-09-26,10.630000114440918,11.029999732971191,10.539999961853027,10.59000015258789,10.59000015258789,4289500
2023-09-27,10.550000190734863,11.045000076293945,10.508999824523926,10.579999923706055,10.579999923706055,4378000
2023-09-28,10.970000267028809,11.130000114440918,9.869999885559082,10.359999656677246,10.359999656677246,9034700
2023-09-29,10.619999885559082,10.800000190734863,10.15999984741211,10.470000267028809,10.470000267028809,6551900
2023-10-02,10.59000015258789,10.59000015258789,9.630000114440918,9.680000305175781,9.680000305175781,5808000
2023-10-03,9.359999656677246,9.770000457763672,9.25,9.40999984741211,9.40999984741211,5552100
2023-10-04,9.289999961853027,9.75,8.579999923706055,9.619999885559082,9.619999885559082,9571300
2023-10-05,9.460000038146973,9.520000457763672,8.75,8.8100004196167,8.8100004196167,5380000
2023-10-06,8.569999694824219,9.28499984741211,8.350000381469727,9.130000114440918,9.130000114440918,8191200
2023-10-09,8.930000305175781,9.180000305175781,8.354999542236328,8.899999618530273,8.899999618530273,5674400
2023-10-10,8.96500015258789,10.039999961853027,8.90999984741211,9.890000343322754,9.890000343322754,8368400
2023-10-11,10.109999656677246,10.710000038146973,9.930000305175781,10.59000015258789,10.59000015258789,6013700
2023-10-12,10.390000343322754,10.515000343322754,9.970000267028809,10.319999694824219,10.319999694824219,4638600
2023-10-13,10.510000228881836,10.649999618530273,9.96500015258789,10.220000267028809,10.220000267028809,5829300
2023-10-16,10.270000457763672,10.664999961853027,10.010000228881836,10.529999732971191,10.529999732971191,6012100
2023-10-17,10.609999656677246,11.055000305175781,10.220000267028809,10.75,10.75,6140600
2023-10-18,10.569999694824219,10.720000267028809,10.111000061035156,10.229999542236328,10.229999542236328,4423400
2023-10-19,10.170000076293945,10.204999923706055,9.130000114440918,9.210000038146973,9.210000038146973,8369600
2023-10-20,8.380000114440918,8.960000038146973,8.170000076293945,8.670000076293945,8.670000076293945,9409200
2023-10-23,8.550000190734863,9.170000076293945,8.255000114440918,8.600000381469727,8.600000381469727,6496400
2023-10-24,8.90999984741211,9.0600004196167,8.510000228881836,8.529999732971191,8.529999732971191,6228600
2023-10-25,8.260000228881836,8.324999809265137,7.614999771118164,8.010000228881836,8.010000228881836,9622100
2023-10-26,9.404999732971191,9.699999809265137,8.6850004196167,9.3100004196167,9.3100004196167,14674900
2023-10-27,9.5,9.649999618530273,8.420000076293945,8.630000114440918,8.630000114440918,9963400
2023-10-30,8.8100004196167,9.130000114440918,8.289999961853027,8.789999961853027,8.789999961853027,5974400
2023-10-31,9.039999961853027,9.529999732971191,8.930000305175781,9.130000114440918,9.130000114440918,7493200
2023-11-01,9.010000228881836,9.3149995803833,8.600000381469727,9.010000228881836,9.010000228881836,5437500
2023-11-02,9.260000228881836,10.279999732971191,9.260000228881836,10.100000381469727,10.100000381469727,9401400
2023-11-03,10.579999923706055,11.024999618530273,10.265000343322754,10.510000228881836,10.510000228881836,7466600
2023-11-06,10.5,10.585000038146973,9.84000015258789,9.930000305175781,9.930000305175781,4864100
2023-11-07,9.890000343322754,10.3149995803833,9.649999618530273,10.279999732971191,10.279999732971191,4749600
2023-11-08,10.199999809265137,10.199999809265137,9.59000015258789,9.920000076293945,9.920000076293945,3921700
2023-11-09,9.949999809265137,10.130000114440918,9.4350004196167,9.489999771118164,9.489999771118164,4370600
2023-11-10,9.399999618530273,9.399999618530273,8.270000457763672,8.65999984741211,8.65999984741211,5906000
2023-11-13,8.529999732971191,8.774999618530273,8.210000038146973,8.520000457763672,8.520000457763672,3290900
2023-11-14,9.779999732971191,10.170000076293945,9.475000381469727,9.890000343322754,9.890000343322754,11985700
2023-11-15,9.9399995803833,11.234999656677246,9.9399995803833,10.539999961853027,10.539999961853027,8125100
2023-11-16,10.300000190734863,10.529999732971191,9.864999771118164,10.34000015258789,10.34000015258789,4302300
2023-11-17,10.479999542236328,10.760000228881836,9.899999618530273,10.729999542236328,10.729999542236328,5205800
2023-11-20,10.949999809265137,11.194999694824219,10.510000228881836,11.0,11.0,4423900
2023-11-21,10.869999885559082,11.199999809265137,10.449999809265137,10.529999732971191,10.529999732971191,2904600
2023-11-22,10.75,10.869999885559082,10.359999656677246,10.479999542236328,10.479999542236328,2816700
2023-11-24,10.369999885559082,10.399999618530273,10.085000038146973,10.220000267028809,10.220000267028809,1765700
2023-11-27,10.135000228881836,10.359999656677246,9.9399995803833,10.180000305175781,10.180000305175781,3666800
2023-11-28,10.0600004196167,11.104999542236328,9.930000305175781,11.0,11.0,5722800
2023-11-29,11.279999732971191,12.220000267028809,11.279999732971191,11.739999771118164,11.739999771118164,4304800
2023-11-30,11.850000381469727,12.010000228881836,11.300000190734863,11.600000381469727,11.600000381469727,4233800
2023-12-01,11.430000305175781,12.619999885559082,11.25,12.579999923706055,12.579999923706055,7707400
2023-12-04,12.300000190734863,13.180000305175781,12.095000267028809,12.260000228881836,12.260000228881836,7958700
2023-12-05,12.100000381469727,12.229999542236328,11.779999732971191,11.9399995803833,11.9399995803833,4111300
2023-12-06,12.199999809265137,12.760000228881836,11.960000038146973,12.119999885559082,12.119999885559082,4878300
2023-12-07,12.210000038146973,12.668999671936035,11.96500015258789,12.40999984741211,12.40999984741211,3395000
2023-12-08,12.210000038146973,12.444999694824219,9.5600004196167,10.40999984741211,10.40999984741211,14834900
2023-12-11,10.510000228881836,10.960000038146973,10.005000114440918,10.75,10.75,5533600
2023-12-12,10.600000381469727,10.710000038146973,10.0600004196167,10.300000190734863,10.300000190734863,4878700
2023-12-13,10.149999618530273,11.930000305175781,10.0649995803833,11.90999984741211,11.90999984741211,6082200
2023-12-14,12.569999694824219,14.3100004196167,12.569999694824219,13.859999656677246,13.859999656677246,14442500
2023-12-15,14.1899995803833,14.279999732971191,13.420000076293945,13.84000015258789,13.84000015258789,8849700
2023-12-18,14.119999885559082,14.300000190734863,12.899999618530273,13.170000076293945,13.170000076293945,7379100
2023-12-19,14.3100004196167,15.579999923706055,14.010000228881836,15.140000343322754,15.140000343322754,10036900
2023-12-20,15.029999732971191,15.449999809265137,14.15999984741211,14.170000076293945,14.170000076293945,5116200
2023-12-21,14.579999923706055,15.15999984741211,14.4399995803833,15.029999732971191,15.029999732971191,3709600
2023-12-22,15.140000343322754,15.670000076293945,14.911999702453613,15.380000114440918,15.380000114440918,4674800
2023-12-26,15.579999923706055,15.994999885559082,15.279999732971191,15.800000190734863,15.800000190734863,3093000
2023-12-27,16.0,16.354999542236328,15.739999771118164,16.049999237060547,16.049999237060547,3090100
2023-12-28,15.960000038146973,16.25,15.699999809265137,15.859999656677246,15.859999656677246,2194600
2023-12-29,15.640000343322754,15.920000076293945,15.25,15.25,15.25,2327800
2024-01-02,14.84000015258789,15.609999656677246,14.619999885559082,15.260000228881836,15.260000228881836,3578400
2024-01-03,14.779999732971191,14.829999923706055,13.729999542236328,14.569999694824219,14.569999694824219,4238700
2024-01-04,14.4399995803833,14.4399995803833,13.5600004196167,13.579999923706055,13.579999923706055,3670300
2024-01-05,13.239999771118164,13.579999923706055,12.720000267028809,12.729999542236328,12.729999542236328,4854700
2024-01-08,12.640000343322754,13.449999809265137,12.489999771118164,13.220000267028809,13.220000267028809,4368700
2024-01-09,12.819999694824219,13.079999923706055,12.569999694824219,13.020000457763672,13.020000457763672,3396100
2024-01-10,12.970000267028809,13.0649995803833,12.430000305175781,12.850000381469727,12.850000381469727,4360600
2024-01-11,12.619999885559082,12.649999618530273,12.069999694824219,12.279999732971191,12.279999732971191,4179600
2024-01-12,12.470000267028809,12.979999542236328,11.835000038146973,11.869999885559082,11.869999885559082,4239100
2024-01-16,11.510000228881836,11.739999771118164,10.460000038146973,10.470000267028809,10.470000267028809,7547000
2024-01-17,10.09000015258789,10.670000076293945,9.890000343322754,10.069999694824219,10.069999694824219,6401900
2024-01-18,10.140000343322754,10.329999923706055,9.800000190734863,10.079999923706055,10.079999923706055,5816300
2024-01-19,10.010000228881836,10.074999809265137,9.289999961853027,9.989999771118164,9.989999771118164,8074900
2024-01-22,10.149999618530273,11.289999961853027,10.010000228881836,10.449999809265137,10.449999809265137,7288100
2024-01-23,11.399999618530273,11.479999542236328,10.470000267028809,10.949999809265137,10.949999809265137,8074600
2024-01-24,11.380000114440918,11.470000267028809,10.100000381469727,10.289999961853027,10.289999961853027,5776700
2024-01-25,10.539999961853027,10.680000305175781,9.859999656677246,10.550000190734863,10.550000190734863,6036900
2024-01-26,10.670000076293945,10.869999885559082,10.180000305175781,10.239999771118164,10.239999771118164,3484300
2024-01-29,10.25,10.850000381469727,9.960000038146973,10.829999923706055,10.829999923706055,5283500
2024-01-30,10.59000015258789,10.9399995803833,10.279999732971191,10.920000076293945,10.920000076293945,5578800
2024-01-31,11.010000228881836,11.989999771118164,10.489999771118164,10.520000457763672,10.520000457763672,8367400
2024-02-01,11.100000381469727,11.475000381469727,10.270000457763672,10.800000190734863,10.800000190734863,7788000
2024-02-02,10.270000457763672,10.40999984741211,9.680000305175781,9.899999618530273,9.899999618530273,8865300
2024-02-05,9.550000190734863,9.550000190734863,8.739999771118164,8.859999656677246,8.859999656677246,7680300
2024-02-06,8.850000381469727,9.279999732971191,8.569999694824219,9.069999694824219,9.069999694824219,7383000
2024-02-07,9.600000381469727,10.489999771118164,9.119999885559082,10.350000381469727,10.350000381469727,10182300
2024-02-08,10.229999542236328,11.175000190734863,10.229999542236328,11.0,11.0,6926700
2024-02-09,11.270000457763672,11.864999771118164,11.119999885559082,11.680000305175781,11.680000305175781,5629900
2024-02-12,11.760000228881836,12.850000381469727,11.633000373840332,12.149999618530273,12.149999618530273,8191300
2024-02-13,11.0,11.449999809265137,10.569999694824219,10.699999809265137,10.699999809265137,7919100
2024-02-14,11.029999732971191,11.739999771118164,10.710000038146973,11.65999984741211,11.65999984741211,4774600
2024-02-15,12.1899995803833,12.25,11.350000381469727,11.920000076293945,11.920000076293945,5993400
2024-02-16,11.4399995803833,11.6899995803833,11.149999618530273,11.270000457763672,11.270000457763672,3580700
2024-02-20,10.970000267028809,11.300000190734863,10.720000267028809,11.239999771118164,11.239999771118164,3747900
2024-02-21,10.949999809265137,11.880000114440918,10.8100004196167,11.6899995803833,11.6899995803833,8961600
2024-02-22,11.380000114440918,11.569999694824219,8.5,8.569999694824219,8.569999694824219,22328700
2024-02-23,8.5600004196167,8.59000015258789,7.289999961853027,7.440000057220459,7.440000057220459,20895300
2024-02-26,7.389999866485596,8.079999923706055,6.760000228881836,6.929999828338623,6.929999828338623,16314300
2024-02-27,7.03000020980835,7.295000076293945,6.800000190734863,7.050000190734863,7.050000190734863,15014300
2024-02-28,6.920000076293945,7.019999980926514,6.494999885559082,6.53000020980835,6.53000020980835,9557300
2024-02-29,6.800000190734863,7.570000171661377,6.730000019073486,7.28000020980835,7.28000020980835,12456000
2024-03-01,7.179999828338623,7.420000076293945,6.980000019073486,7.239999771118164,7.239999771118164,6332700
2024-03-04,7.179999828338623,7.25,6.789999961853027,6.900000095367432,6.900000095367432,6958000
2024-03-05,6.789999961853027,6.820000171661377,6.139999866485596,6.150000095367432,6.150000095367432,12307800
2024-03-06,6.300000190734863,6.320000171661377,5.780900001525879,6.289999961853027,6.289999961853027,10029558
